Iter | Sampling Pol | Evaluation Pol | Best (Sampled) 
   0 -8.65 21.71 -100000000.00 
   1 -9.70 12.04 -8.65 
   2 -9.17 15.94 -8.65 
   3 -9.46  8.74 -8.65 
   4 -10.23 17.43 -8.65 
   5 -9.56 20.91 -8.65 
   6 -8.94 14.89 -8.65 
   7 -9.52 28.63 -8.65 
   8 -9.10 17.89 -8.65 
   9 -9.49 20.07 -8.65 
  10 -9.65 14.08 -8.65 
  11 -9.78 32.71 -8.65 
  12 -9.23 30.85 -8.65 
  13 -9.12  4.24 -8.65 
  14 -8.17 21.35 -8.65 
  15 -8.20 19.99 -8.17 
  16 -8.42  7.09 -8.17 
  17 -8.52 33.95 -8.17 
  18 -8.22 25.46 -8.17 
  19 -8.95 12.61 -8.17 
  20 -8.85 19.92 -8.17 
  21 -8.35 -1.89 -8.17 
  22 -8.00 -1.68 -8.17 
  23 -8.11  1.33 -8.00 
  24 -7.95 -1.95 -8.00 
  25 -8.19 -4.06 -7.95 
  26 -7.11 -3.99 -7.95 
  27 -7.80  2.85 -7.11 
  28 -8.00 -3.83 -7.11 
  29 -7.22 -4.67 -7.11 
  30 -6.76 -4.78 -7.11 
  31 -6.28 -4.66 -6.76 
  32 -6.68 -4.69 -6.28 
  33 -6.58 -4.82 -6.28 
  34 -6.21 -4.85 -6.28 
  35 -6.34 -4.62 -6.21 
  36 -5.93 -4.46 -6.21 
  37 -5.52 -4.47 -5.93 
  38 -6.07 -4.36 -5.52 
  39 -5.69 -5.44 -5.52 
  40 -4.84 -5.40 -5.52 
  41 -4.94 -5.45 -4.84 
  42 -5.13 -5.08 -4.84 
  43 -4.62 -4.95 -4.84 
  44 -4.70 -4.73 -4.62 
  45 -4.29 -4.59 -4.62 
  46 -4.27 -4.21 -4.29 
  47 -4.46 -4.16 -4.27 
  48 -4.37 -3.93 -4.27 
  49 -4.52 -3.83 -4.27 
  50 -4.59 -3.86 -4.27 
  51 -4.24 -3.87 -4.27 
  52 -3.81  3.96 -4.24 
  53 -3.78 -2.29 -3.81 
  54 -4.75  5.21 -3.78 
  55 -3.31 14.99 -3.78 
  56 -3.65 32.76 -3.31 
  57 -3.33 33.01 -3.31 
  58 -3.20 35.19 -3.31 
  59 -3.73 37.09 -3.20 
  60 -2.92 39.41 -3.20 
  61 -3.11 38.91 -2.92 
  62 -2.75 38.82 -2.92 
  63 -2.75 38.88 -2.75 
  64 -2.57 35.15 -2.75 
  65 -2.66 40.30 -2.57 
  66 -1.91 36.23 -2.57 
  67 -1.93 34.85 -1.91 
  68 -0.90 42.92 -1.91 
  69 -1.05 47.18 -0.90 
  70 -0.74 34.89 -0.90 
  71  0.37 58.16 -0.74 
  72 -0.36 40.57  0.37 
  73  0.25 44.76  0.37 
  74  0.56 48.12  0.37 
  75  0.57 46.13  0.56 
  76  1.41 42.14  0.57 
  77  0.98 50.79  1.41 
  78  1.94 43.27  1.41 
  79  1.63 57.85  1.94 
  80  1.44 51.68  1.94 
  81  2.99 50.12  1.94 
  82  2.88 47.92  2.99 
  83  2.96 55.05  2.99 
  84  3.31 56.44  2.99 
  85  4.00 50.70  3.31 
  86  3.64 57.71  4.00 
  87  4.13 48.19  4.00 
  88  3.36 53.82  4.13 
  89  4.10 59.54  4.13 
  90  4.92 91.09  4.13 
  91  3.92 50.09  4.92 
  92  6.02 52.83  4.92 
  93  5.99 35.60  6.02 
  94  6.62 60.80  6.02 
  95  7.99 40.03  6.62 
  96  6.90 67.54  7.99 
  97  7.57 33.94  7.99 
  98  8.00 69.07  7.99 
  99  8.17 51.24  8.00 
 100  9.28 78.26  8.17 
 101 10.69 62.54  9.28 
 102  9.94 81.48 10.69 
 103 13.15 62.40 10.69 
 104 14.58 78.77 13.15 
 105 14.33 70.19 14.58 
 106 15.79 76.95 14.58 
 107 15.97 75.77 15.79 
 108 19.03 83.64 15.97 
 109 20.10 68.52 19.03 
 110 19.76 89.00 20.10 
 111 24.21 111.76 20.10 
 112 23.07 109.49 24.21 
 113 27.90 97.53 24.21 
 114 31.30 84.12 27.90 
 115 33.70 91.30 31.30 
 116 32.18 102.71 33.70 
 117 41.04 95.13 33.70 
 118 40.19 84.09 41.04 
 119 45.61 87.20 41.04 
 120 50.11 104.73 45.61 
 121 53.69 96.52 50.11 
 122 48.29 114.03 53.69 
 123 65.61 102.76 53.69 
 124 57.90 111.03 65.61 
 125 75.11 113.78 65.61 
 126 71.06 132.44 75.11 
 127 80.25 118.71 75.11 
 128 75.46 134.88 80.25 
 129 86.60 134.49 80.25 
 130 85.24 135.08 86.60 
 131 88.91 140.72 86.60 
 132 97.21 135.41 88.91 
 133 96.37 131.51 97.21 
 134 93.66 136.15 97.21 
 135 88.14 132.71 97.21 
 136 95.50 130.28 97.21 
 137 104.35 139.57 97.21 
 138 107.44 139.88 104.35 
 139 103.87 131.32 107.44 
 140 101.14 143.17 107.44 
 141 115.45 138.59 107.44 
 142 108.39 128.30 115.45 
 143 118.56 140.38 115.45 
 144 115.20 133.73 118.56 
 145 100.62 142.22 118.56 
 146 110.75 129.80 118.56 
 147 121.05 133.89 118.56 
 148 116.08 139.35 121.05 
 149 115.49 125.65 121.05 
 150 113.81 134.07 121.05 
 151 112.16 136.17 121.05 
 152 118.20 125.64 121.05 
 153 111.35 127.86 121.05 
 154 119.38 137.86 121.05 
 155 116.86 129.85 121.05 
 156 120.98 116.94 121.05 
 157 120.94 117.25 121.05 
 158 121.90 142.01 121.05 
 159 122.64 122.11 121.90 
 160 115.54 121.57 122.64 
 161 124.04 128.56 122.64 
 162 127.41 130.95 124.04 
 163 124.79 141.93 127.41 
 164 121.60 142.42 127.41 
 165 122.21 143.77 127.41 
 166 126.72 120.37 127.41 
 167 124.52 130.87 127.41 
 168 131.16 123.39 127.41 
 169 129.29 133.22 131.16 
 170 123.17 135.12 131.16 
 171 117.16 110.66 131.16 
 172 125.30 134.83 131.16 
 173 131.11 137.99 131.16 
 174 133.77 116.80 131.16 
 175 125.10 117.26 133.77 
 176 133.94 131.50 133.77 
 177 125.83 118.75 133.94 
 178 132.09 124.34 133.94 
 179 130.09 120.98 133.94 
 180 123.56 127.64 133.94 
 181 128.38 140.50 133.94 
 182 121.23 124.85 133.94 
 183 130.47 122.03 133.94 
 184 132.78 133.10 133.94 
 185 132.98 142.11 133.94 
 186 136.80 125.52 133.94 
 187 127.10 140.57 136.80 
 188 135.37 123.12 136.80 
 189 133.29 132.19 136.80 
 190 133.80 129.34 136.80 
 191 127.01 129.11 136.80 
 192 130.44 114.63 136.80 
 193 137.41 145.71 136.80 
 194 133.52 144.59 137.41 
 195 137.04 138.09 137.41 
 196 131.06 122.64 137.41 
 197 137.98 127.10 137.41 
 198 137.15 140.35 137.98 
 199 137.10 139.71 137.98 
 200 131.18 138.78 137.98 
 201 139.24 143.25 137.98 
 202 136.59 136.65 139.24 
 203 131.94 133.91 139.24 
 204 141.12 135.21 139.24 
 205 139.00 140.23 141.12 
 206 137.64 136.14 141.12 
 207 132.48 133.98 141.12 
 208 132.10 129.89 141.12 
 209 142.44 140.13 141.12 
 210 143.74 126.53 142.44 
 211 141.29 146.84 143.74 
 212 135.27 126.94 143.74 
 213 141.36 134.74 143.74 
 214 138.37 139.57 143.74 
 215 138.91 140.02 143.74 
 216 141.99 127.97 143.74 
 217 134.97 138.68 143.74 
 218 133.06 130.44 143.74 
 219 138.64 88.79 143.74 
 220 136.04 128.68 143.74 
 221 147.76 146.80 143.74 
 222 144.91 139.84 147.76 
 223 143.84 131.63 147.76 
 224 139.07 145.53 147.76 
 225 142.57 120.25 147.76 
 226 139.10 145.23 147.76 
 227 143.98 126.79 147.76 
 228 140.98 137.34 147.76 
 229 131.16 121.27 147.76 
 230 139.19 138.65 147.76 
 231 144.30 133.13 147.76 
 232 143.14 135.92 147.76 
 233 144.12 133.58 147.76 
 234 143.66 140.47 147.76 
 235 139.44 138.39 147.76 
 236 143.03 143.06 147.76 
 237 144.24 106.14 147.76 
 238 136.92 148.29 147.76 
 239 140.66 130.15 147.76 
 240 144.98 146.53 147.76 
 241 139.06 130.79 147.76 
 242 142.70 143.71 147.76 
 243 145.70 144.37 147.76 
 244 141.09 112.00 147.76 
 245 138.93 138.35 147.76 
 246 149.71 151.97 147.76 
 247 138.77 140.75 149.71 
 248 146.53 148.16 149.71 
 249 143.91 140.17 149.71 
 250 140.57 143.56 149.71 
 251 144.96 138.81 149.71 
 252 141.78 118.67 149.71 
 253 135.14 145.64 149.71 
 254 150.10 143.59 149.71 
 255 146.26 145.80 150.10 
 256 145.79 145.16 150.10 
 257 138.56 143.59 150.10 
 258 143.67 146.05 150.10 
 259 143.13 139.13 150.10 
 260 147.08 151.95 150.10 
 261 150.54 145.23 150.10 
 262 147.21 146.15 150.54 
 263 144.62 152.65 150.54 
 264 142.32 104.43 150.54 
 265 145.43 144.48 150.54 
 266 143.31 123.98 150.54 
 267 147.11 144.44 150.54 
 268 146.20 135.00 150.54 
 269 145.24 150.13 150.54 
 270 146.44 140.71 150.54 
 271 145.63 147.00 150.54 
 272 145.41 120.80 150.54 
 273 147.08 151.04 150.54 
 274 148.37 150.36 150.54 
 275 145.65 134.08 150.54 
 276 147.87 142.80 150.54 
 277 150.49 150.62 150.54 
 278 150.23 142.60 150.54 
 279 146.23 147.99 150.54 
 280 141.65 144.29 150.54 
 281 146.81 147.47 150.54 
 282 144.53 143.94 150.54 
 283 151.19 154.58 150.54 
 284 145.14 148.73 151.19 
 285 154.33 153.23 151.19 
 286 144.29 148.35 154.33 
 287 149.29 148.91 154.33 
 288 153.48 151.08 154.33 
 289 154.62 152.77 154.33 
 290 151.65 151.02 154.62 
 291 153.72 147.02 154.62 
 292 144.33 150.67 154.62 
 293 153.56 154.29 154.62 
 294 151.81 152.14 154.62 
 295 150.70 148.22 154.62 
 296 149.54 148.52 154.62 
 297 151.28 151.28 154.62 
 298 147.45 148.74 154.62 
 299 151.04 139.92 154.62 
 300 147.00 144.63 154.62 
 301 154.00 149.26 154.62 
 302 152.27 138.81 154.62 
 303 154.09 155.45 154.62 
 304 149.94 156.12 154.62 
 305 146.46 150.94 154.62 
 306 151.72 142.31 154.62 
 307 155.79 143.75 154.62 
 308 152.14 136.90 155.79 
 309 153.16 155.52 155.79 
 310 149.34 149.53 155.79 
 311 149.69 154.99 155.79 
 312 148.11 144.55 155.79 
 313 152.09 149.83 155.79 
 314 151.75 154.37 155.79 
 315 153.86 152.01 155.79 
 316 151.44 156.18 155.79 
 317 150.60 154.11 155.79 
 318 149.90 141.80 155.79 
 319 151.40 142.41 155.79 
 320 151.05 147.96 155.79 
 321 154.04 155.58 155.79 
 322 150.70 149.58 155.79 
 323 154.17 144.77 155.79 
 324 156.86 148.29 155.79 
 325 151.78 157.75 156.86 
 326 155.40 155.60 156.86 
 327 152.12 152.37 156.86 
 328 153.77 156.86 156.86 
 329 149.73 154.79 156.86 
 330 149.56 153.53 156.86 
 331 151.79 154.41 156.86 
 332 148.38 149.18 156.86 
 333 153.11 148.14 156.86 
 334 149.49 153.15 156.86 
 335 154.77 150.76 156.86 
 336 155.19 155.47 156.86 
 337 154.81 155.44 156.86 
 338 151.64 151.19 156.86 
 339 151.00 149.52 156.86 
 340 151.89 145.47 156.86 
 341 153.59 155.83 156.86 
 342 153.53 152.97 156.86 
 343 154.85 152.09 156.86 
 344 151.77 156.08 156.86 
 345 152.94 153.21 156.86 
 346 155.12 150.99 156.86 
 347 152.89 146.47 156.86 
 348 153.96 152.57 156.86 
 349 154.32 153.40 156.86 
 350 152.49 151.21 156.86 
 351 152.24 154.76 156.86 
 352 151.03 154.50 156.86 
 353 154.27 155.71 156.86 
 354 151.46 151.39 156.86 
 355 149.47 155.76 156.86 
 356 155.79 156.99 156.86 
 357 154.16 154.45 156.86 
 358 158.05 157.04 156.86 
 359 156.79 156.78 158.05 
 360 159.02 157.98 158.05 
 361 155.83 156.70 159.02 
 362 157.96 157.23 159.02 
 363 153.04 156.85 159.02 
 364 156.01 157.36 159.02 
 365 155.13 158.04 159.02 
 366 159.14 157.43 159.02 
 367 155.44 157.67 159.14 
 368 158.74 148.24 159.14 
 369 157.25 158.75 159.14 
 370 153.17 153.49 159.14 
 371 153.84 154.83 159.14 
 372 153.94 157.88 159.14 
 373 155.95 150.73 159.14 
 374 155.50 157.98 159.14 
 375 151.89 156.87 159.14 
 376 159.39 158.11 159.14 
 377 152.81 157.58 159.39 
 378 153.78 156.83 159.39 
 379 157.55 155.29 159.39 
 380 154.90 151.08 159.39 
 381 157.45 150.99 159.39 
 382 151.39 156.63 159.39 
 383 159.12 154.69 159.39 
 384 153.53 157.98 159.39 
 385 154.18 151.87 159.39 
 386 154.99 151.20 159.39 
 387 155.38 151.20 159.39 
 388 159.03 156.06 159.39 
 389 153.61 154.36 159.39 
 390 158.36 158.06 159.39 
 391 154.00 148.89 159.39 
 392 156.52 146.76 159.39 
 393 155.21 157.11 159.39 
 394 153.90 155.30 159.39 
 395 159.33 156.65 159.39 
 396 153.50 155.87 159.39 
 397 157.43 158.10 159.39 
 398 158.54 158.01 159.39 
 399 156.79 157.35 159.39 
 400 158.44 156.39 159.39 
 401 159.62 156.59 159.39 
 402 157.17 157.97 159.62 
 403 155.00 153.97 159.62 
 404 159.24 156.26 159.62 
 405 160.48 155.04 159.62 
 406 159.31 155.87 160.48 
 407 159.39 160.06 160.48 
 408 153.71 158.26 160.48 
 409 157.30 153.71 160.48 
 410 155.88 157.61 160.48 
 411 157.12 160.03 160.48 
 412 156.22 160.12 160.48 
 413 153.93 158.46 160.48 
 414 154.69 149.48 160.48 
 415 157.70 149.52 160.48 
 416 158.97 159.91 160.48 
 417 158.93 151.88 160.48 
 418 158.86 150.73 160.48 
 419 157.22 148.47 160.48 
 420 158.03 153.39 160.48 
 421 159.64 157.93 160.48 
 422 158.41 158.91 160.48 
 423 157.90 154.40 160.48 
