Iter | Sampling Pol | Evaluation Pol | Best (Sampled) 
   0 -9.31 -3.09 -100000000.00 
   1 -9.09 -4.99 -9.31 
   2 -8.83 -4.24 -9.09 
   3 -8.90 -5.08 -8.83 
   4 -8.99 -3.64 -8.83 
   5 -9.15 -5.03 -8.83 
   6 -9.15 -3.82 -8.83 
   7 -9.04 -3.91 -8.83 
   8 -8.97 -4.84 -8.83 
   9 -9.21 -4.62 -8.83 
  10 -8.92 -4.49 -8.83 
  11 -9.17 -5.05 -8.83 
  12 -9.00 -5.11 -8.83 
  13 -9.05 -3.76 -8.83 
  14 -9.19 -3.65 -8.83 
  15 -9.11 -3.67 -8.83 
  16 -9.18 -4.82 -8.83 
  17 -9.12 -4.65 -8.83 
  18 -8.83 -4.48 -8.83 
  19 -9.12 -4.85 -8.83 
  20 -9.00 -4.46 -8.83 
  21 -9.25 -4.62 -8.83 
  22 -8.99 -4.40 -8.83 
  23 -8.97 -4.48 -8.83 
  24 -8.86 -3.33 -8.83 
  25 -8.96 -4.30 -8.83 
  26 -8.98 -5.00 -8.83 
  27 -8.81 -4.53 -8.83 
  28 -9.03 -4.03 -8.81 
  29 -8.88 -4.83 -8.81 
  30 -9.01 -4.50 -8.81 
  31 -9.17 -3.81 -8.81 
  32 -8.90 -4.27 -8.81 
  33 -9.11 -4.73 -8.81 
  34 -8.95 -4.11 -8.81 
  35 -9.18 -5.05 -8.81 
  36 -9.11 -3.09 -8.81 
  37 -9.15 -4.28 -8.81 
  38 -9.02 -4.52 -8.81 
  39 -9.13 -5.01 -8.81 
  40 -9.01 -5.07 -8.81 
  41 -9.05 -4.62 -8.81 
  42 -9.13 -4.93 -8.81 
  43 -8.91 -3.84 -8.81 
  44 -9.14 -2.84 -8.81 
  45 -9.01 -4.86 -8.81 
  46 -8.96 -4.18 -8.81 
  47 -9.29 -4.86 -8.81 
  48 -9.01 -4.67 -8.81 
  49 -8.98 -4.71 -8.81 
  50 -9.09 -4.65 -8.81 
  51 -9.20 -4.40 -8.81 
  52 -9.07 -5.02 -8.81 
  53 -9.10 -4.93 -8.81 
  54 -9.17 -3.88 -8.81 
  55 -8.99 -4.04 -8.81 
  56 -9.28 -4.60 -8.81 
  57 -9.05 -4.41 -8.81 
  58 -8.96 -4.09 -8.81 
  59 -8.98 -5.12 -8.81 
  60 -9.02 -4.13 -8.81 
  61 -9.08 -4.43 -8.81 
  62 -8.95 -4.47 -8.81 
  63 -9.14 -4.97 -8.81 
  64 -9.01 -4.08 -8.81 
  65 -9.10 -5.23 -8.81 
  66 -9.05 -5.03 -8.81 
  67 -8.98 -4.99 -8.81 
  68 -9.00  3.04 -8.81 
  69 -9.05 15.68 -8.81 
  70 -8.84 18.16 -8.81 
  71 -8.79  3.52 -8.81 
  72 -8.86  7.00 -8.79 
  73 -8.67 -7.33 -8.79 
  74 -8.48 -6.86 -8.67 
  75 -8.33 -6.96 -8.48 
  76 -8.17 -6.11 -8.33 
  77 -7.86 -6.58 -8.17 
  78 -7.84 -6.76 -7.86 
  79 -7.77 -6.42 -7.84 
  80 -8.07 -5.12 -7.77 
  81 -7.89 -5.69 -7.77 
  82 -8.05 -5.46 -7.77 
  83 -8.09 -5.33 -7.77 
  84 -7.70 -5.19 -7.77 
  85 -8.05 -5.23 -7.70 
  86 -7.97  3.48 -7.70 
  87 -8.07 -1.60 -7.70 
  88 -8.02 -3.53 -7.70 
  89 -8.08 -3.83 -7.70 
  90 -7.97 -5.29 -7.70 
  91 -8.01 -3.60 -7.70 
  92 -7.97  6.92 -7.70 
  93 -7.75 17.32 -7.70 
  94 -8.10 19.28 -7.70 
  95 -7.81 19.20 -7.70 
  96 -8.13 12.97 -7.70 
  97 -7.99  4.15 -7.70 
  98 -7.59  3.43 -7.70 
  99 -7.49  3.51 -7.59 
 100 -7.41 -3.01 -7.49 
 101 -7.22 -4.58 -7.41 
 102 -6.89 -2.76 -7.22 
 103 -6.98 -4.37 -6.89 
 104 -6.80 -4.64 -6.89 
 105 -6.54 -4.47 -6.80 
 106 -6.28 -4.22 -6.54 
 107 -5.97 -4.60 -6.28 
 108 -5.96 -4.33 -5.97 
 109 -5.51 -4.38 -5.96 
 110 -4.95 -3.95 -5.51 
 111 -4.62  3.89 -4.95 
 112 -4.11  7.62 -4.62 
 113 -3.91 14.98 -4.11 
 114 -3.69 31.02 -3.91 
 115 -3.17 32.06 -3.69 
 116 -2.71 32.62 -3.17 
 117 -2.75 32.61 -2.71 
 118 -1.73 31.10 -2.71 
 119 -1.36 32.83 -1.73 
 120 -1.08 31.03 -1.36 
 121 -0.32 29.47 -1.08 
 122 -0.42 26.55 -0.32 
 123  0.64 32.66 -0.32 
 124 -0.10 28.70  0.64 
 125  0.93 33.19  0.64 
 126  0.67 32.69  0.93 
 127  1.12 32.74  0.93 
 128  1.83 32.67  1.12 
 129  2.09 33.25  1.83 
 130  2.83 33.17  2.09 
 131  2.80 33.31  2.83 
 132  4.61 33.61  2.83 
 133  4.77 33.34  4.61 
 134  5.73 33.13  4.77 
 135  6.52 33.28  5.73 
 136  7.56 33.22  6.52 
 137  7.67 32.98  7.56 
 138  9.34 32.92  7.67 
 139  9.76 32.80  9.34 
 140 12.05 32.14  9.76 
 141 12.45 33.06 12.05 
 142 15.47 33.00 12.45 
 143 15.80 32.79 15.47 
 144 16.18 32.28 15.80 
 145 18.15 27.91 16.18 
 146 19.65 29.16 18.15 
 147 20.32 27.49 19.65 
 148 21.04 31.06 20.32 
 149 22.55 29.99 21.04 
 150 23.86 30.75 22.55 
 151 25.03 31.15 23.86 
 152 25.81 30.98 25.03 
 153 25.51 31.00 25.81 
 154 26.68 32.56 25.81 
 155 27.13 33.00 26.68 
 156 27.47 32.87 27.13 
 157 26.85 33.21 27.47 
 158 26.13 32.81 27.47 
 159 29.35 32.38 27.47 
 160 29.45 32.95 29.35 
 161 28.92 32.91 29.45 
 162 30.20 32.49 29.45 
 163 29.00 32.96 30.20 
 164 25.73 32.84 30.20 
 165 28.25 32.48 30.20 
 166 31.99 40.09 30.20 
 167 29.06 32.21 31.99 
 168 29.94 33.46 31.99 
 169 27.84 32.48 31.99 
 170 37.20 30.58 31.99 
 171 32.09 61.07 37.20 
 172 36.32 73.72 37.20 
 173 41.60 31.44 37.20 
 174 46.88 55.74 41.60 
 175 43.92 87.11 46.88 
 176 39.13 120.53 46.88 
 177 54.69 44.91 46.88 
 178 54.51 220.07 54.69 
 179 62.22 168.25 54.69 
 180 88.43 117.71 62.22 
 181 70.37 566.71 88.43 
 182 88.34 169.12 88.43 
 183 175.22 678.82 88.43 
 184 147.06 559.71 175.22 
 185 95.40 357.24 175.22 
 186 202.13 325.26 175.22 
 187 183.64 86.18 202.13 
 188 243.60 368.15 202.13 
 189 174.86 268.58 243.60 
 190 249.75 192.90 243.60 
 191 241.31 603.29 249.75 
 192 277.11 301.90 249.75 
 193 273.05 319.41 277.11 
 194 242.65 494.06 277.11 
 195 307.54 659.06 277.11 
 196 267.47 371.31 307.54 
 197 322.12 28.22 307.54 
 198 273.02 341.30 322.12 
 199 360.08 613.13 322.12 
 200 405.99 985.84 360.08 
 201 326.79 440.56 405.99 
 202 301.45 812.73 405.99 
 203 283.78 468.00 405.99 
 204 393.16 419.17 405.99 
 205 278.45 1303.76 405.99 
 206 310.69 704.40 405.99 
 207 344.56 514.91 405.99 
 208 463.81 1076.29 405.99 
 209 424.31 814.28 463.81 
 210 403.56 875.44 463.81 
 211 510.02 1029.09 463.81 
 212 627.15 1328.68 510.02 
 213 578.97 1490.82 627.15 
 214 477.49 948.44 627.15 
 215 629.73 1461.25 627.15 
 216 680.91 1134.05 629.73 
 217 513.77 1056.27 680.91 
 218 625.26 1159.68 680.91 
 219 793.78 837.24 680.91 
 220 769.95 1513.97 793.78 
 221 759.17 1240.81 793.78 
 222 628.37 1107.18 793.78 
 223 730.51 1915.51 793.78 
 224 905.23 1603.09 793.78 
 225 636.73 1371.06 905.23 
 226 724.88 719.25 905.23 
 227 726.76 1481.50 905.23 
 228 763.49 1322.85 905.23 
