Iter | Sampling Pol | Evaluation Pol | Best (Sampled) 
   0 -10.17 33.32 -100000000.00 
   1 -10.49 33.31 -10.17 
   2 -10.19 33.25 -10.17 
   3 -10.63 33.34 -10.17 
   4 -10.58 33.36 -10.17 
   5 -9.40 33.44 -10.17 
   6 -9.88 33.43 -9.40 
   7 -9.62 33.37 -9.40 
   8 -9.86 33.38 -9.40 
   9 -9.17 33.42 -9.40 
  10 -9.43 33.38 -9.17 
  11 -9.81 33.37 -9.17 
  12 -10.10 33.35 -9.17 
  13 -9.72 33.38 -9.17 
  14 -10.10 33.42 -9.17 
  15 -10.34 33.33 -9.17 
  16 -9.33 33.35 -9.17 
  17 -9.92 33.32 -9.17 
  18 -9.47 33.32 -9.17 
  19 -9.80 33.35 -9.17 
  20 -9.72 33.39 -9.17 
  21 -10.00 33.38 -9.17 
  22 -10.02 33.39 -9.17 
  23 -10.84 33.41 -9.17 
  24 -9.46 33.41 -9.17 
  25 -9.48 33.35 -9.17 
  26 -10.17 33.41 -9.17 
  27 -9.62 33.41 -9.17 
  28 -10.24 33.33 -9.17 
  29 -10.68 33.35 -9.17 
  30 -9.26 33.39 -9.17 
  31 -9.60 33.34 -9.17 
  32 -9.42 33.35 -9.17 
  33 -9.91 33.33 -9.17 
  34 -10.12 33.40 -9.17 
  35 -9.97 33.36 -9.17 
  36 -9.94 33.34 -9.17 
  37 -9.34 33.37 -9.17 
  38 -9.72 33.39 -9.17 
  39 -9.84 33.36 -9.17 
  40 -9.97 33.42 -9.17 
  41 -9.55 33.36 -9.17 
  42 -9.62 33.40 -9.17 
  43 -9.15 33.35 -9.17 
  44 -9.16 33.35 -9.15 
  45 -9.73 33.38 -9.15 
  46 -9.79 33.37 -9.15 
  47 -9.68 33.37 -9.15 
  48 -9.85 33.36 -9.15 
  49 -10.04 33.31 -9.15 
  50 -10.13 33.35 -9.15 
  51 -9.72 33.37 -9.15 
  52 -9.80 33.40 -9.15 
  53 -9.95 33.28 -9.15 
  54 -9.82 33.34 -9.15 
  55 -9.73 33.34 -9.15 
  56 -9.32 33.38 -9.15 
  57 -9.75 33.35 -9.15 
  58 -9.17 33.36 -9.15 
  59 -9.46 33.37 -9.15 
  60 -9.36 33.35 -9.15 
  61 -10.60 33.40 -9.15 
  62 -10.08 33.36 -9.15 
  63 -9.34 33.39 -9.15 
  64 -9.66 33.43 -9.15 
  65 -10.03 33.37 -9.15 
  66 -9.76 33.33 -9.15 
  67 -9.58 33.37 -9.15 
  68 -9.54 33.38 -9.15 
  69 -9.98 33.37 -9.15 
  70 -10.11 33.35 -9.15 
  71 -9.11 33.32 -9.15 
  72 -10.47 33.31 -9.11 
  73 -9.78 33.32 -9.11 
  74 -10.19 33.35 -9.11 
  75 -9.79 33.35 -9.11 
  76 -10.02 33.40 -9.11 
  77 -9.49 33.34 -9.11 
  78 -10.03 33.34 -9.11 
  79 -9.60 33.34 -9.11 
  80 -9.64 33.35 -9.11 
  81 -10.32 33.42 -9.11 
  82 -9.64 33.33 -9.11 
  83 -9.75 33.40 -9.11 
  84 -9.69 33.37 -9.11 
  85 -9.74 33.12 -9.11 
  86 -10.08 33.17 -9.11 
  87 -10.08 33.19 -9.11 
  88 -10.43 33.20 -9.11 
  89 -10.36 33.13 -9.11 
  90 -10.27 33.14 -9.11 
  91 -10.85 33.16 -9.11 
  92 -10.41 33.17 -9.11 
  93 -10.35 32.85 -9.11 
  94 -10.10 31.46 -9.11 
  95 -10.36 -4.60 -9.11 
  96 -7.85 -4.61 -9.11 
  97 -8.29 -4.53 -7.85 
  98 -7.76 -4.63 -7.85 
  99 -8.38 -4.67 -7.76 
 100 -8.18 -4.68 -7.76 
 101 -8.11 -5.55 -7.76 
 102 -6.58 -5.55 -7.76 
 103 -6.71 -5.55 -6.58 
 104 -7.07 -4.93 -6.58 
 105 -7.55 -5.07 -6.58 
 106 -7.53 -5.07 -6.58 
 107 -7.41 -5.08 -6.58 
 108 -7.36 -5.09 -6.58 
 109 -7.37 -5.10 -6.58 
 110 -7.11 -5.07 -6.58 
 111 -7.05 -5.10 -6.58 
 112 -6.90 -5.07 -6.58 
 113 -6.75 -5.24 -6.58 
 114 -6.58 -5.23 -6.58 
 115 -6.76 -5.24 -6.58 
 116 -7.02 -5.97 -6.58 
 117 -7.35 -5.90 -6.58 
 118 -6.85 -5.89 -6.58 
 119 -7.59 -5.91 -6.58 
 120 -6.55 -6.26 -6.58 
 121 -6.77 -6.49 -6.55 
 122 -6.36 -7.08 -6.55 
 123 -6.77 -6.92 -6.36 
 124 -6.60 -7.08 -6.36 
 125 -7.15 -7.10 -6.36 
 126 -6.46 -7.17 -6.36 
 127 -7.14 -7.16 -6.36 
 128 -6.89 -8.45 -6.36 
 129 -6.96 -8.54 -6.36 
 130 -7.24 -8.57 -6.36 
 131 -6.99 -8.58 -6.36 
 132 -7.07 -8.35 -6.36 
 133 -7.33 -8.82 -6.36 
 134 -7.18 -8.82 -6.36 
 135 -7.66 -8.47 -6.36 
 136 -6.80 -8.30 -6.36 
 137 -6.87 -8.17 -6.36 
 138 -6.70 -8.11 -6.36 
 139 -6.49 -7.76 -6.36 
 140 -7.07 -7.73 -6.36 
 141 -6.99 -7.59 -6.36 
 142 -6.49 -7.61 -6.36 
 143 -6.53 -7.49 -6.36 
 144 -6.63 -8.25 -6.36 
 145 -6.93 -8.05 -6.36 
 146 -6.51 -7.66 -6.36 
 147 -6.59 -7.86 -6.36 
 148 -6.57 -7.84 -6.36 
 149 -6.80 -8.00 -6.36 
 150 -6.62 -8.10 -6.36 
 151 -6.60 -8.00 -6.36 
 152 -6.89 -7.90 -6.36 
 153 -7.02 -7.61 -6.36 
 154 -6.58 -7.64 -6.36 
 155 -6.54 -8.05 -6.36 
 156 -7.13 -8.03 -6.36 
 157 -6.67 -8.07 -6.36 
 158 -6.67 -8.00 -6.36 
 159 -6.81 -8.09 -6.36 
 160 -6.68 -8.25 -6.36 
 161 -6.75 -8.20 -6.36 
 162 -6.87 -7.88 -6.36 
 163 -6.91 -8.12 -6.36 
 164 -6.72 -7.84 -6.36 
 165 -6.88 -7.89 -6.36 
 166 -6.72 -7.91 -6.36 
 167 -6.69 -7.91 -6.36 
 168 -6.78 -7.95 -6.36 
 169 -6.70 -8.00 -6.36 
 170 -6.81 -8.07 -6.36 
 171 -6.81 -7.91 -6.36 
 172 -6.90 -7.88 -6.36 
 173 -6.84 -8.04 -6.36 
 174 -6.98 -8.02 -6.36 
 175 -6.97 -8.06 -6.36 
 176 -6.83 -8.03 -6.36 
 177 -6.92 -8.24 -6.36 
 178 -7.05 -8.18 -6.36 
 179 -7.05 -8.36 -6.36 
 180 -6.96 -8.38 -6.36 
 181 -6.99 -8.28 -6.36 
 182 -7.06 -8.37 -6.36 
 183 -7.05 -8.33 -6.36 
 184 -7.11 -8.21 -6.36 
 185 -7.08 -8.26 -6.36 
 186 -7.03 -8.18 -6.36 
 187 -7.12 -8.21 -6.36 
 188 -7.17 -8.24 -6.36 
 189 -7.08 -8.40 -6.36 
 190 -7.10 -8.37 -6.36 
 191 -7.09 -8.25 -6.36 
 192 -7.07 -8.32 -6.36 
 193 -7.08 -8.21 -6.36 
 194 -7.10 -8.19 -6.36 
 195 -7.09 -8.10 -6.36 
 196 -7.16 -8.33 -6.36 
 197 -7.13 -8.32 -6.36 
 198 -7.14 -8.34 -6.36 
 199 -7.19 -8.18 -6.36 
 200 -7.16 -8.30 -6.36 
 201 -7.13 -8.24 -6.36 
 202 -7.17 -8.21 -6.36 
 203 -7.14 -8.12 -6.36 
 204 -7.08 -8.16 -6.36 
 205 -7.12 -7.93 -6.36 
 206 -7.07 -8.07 -6.36 
 207 -7.09 -7.75 -6.36 
 208 -6.92 -7.68 -6.36 
 209 -6.84 -7.65 -6.36 
 210 -6.89 -7.82 -6.36 
 211 -6.90 -7.83 -6.36 
 212 -6.98 -7.80 -6.36 
 213 -6.92 -7.76 -6.36 
 214 -6.92 -7.81 -6.36 
 215 -7.01 -7.84 -6.36 
 216 -6.98 -7.99 -6.36 
 217 -7.00 -7.98 -6.36 
 218 -7.01 -7.95 -6.36 
 219 -7.01 -7.98 -6.36 
 220 -7.05 -7.91 -6.36 
 221 -7.10 -7.88 -6.36 
 222 -7.05 -7.95 -6.36 
 223 -7.07 -7.97 -6.36 
 224 -7.07 -7.95 -6.36 
 225 -7.11 -7.89 -6.36 
 226 -7.05 -7.84 -6.36 
 227 -7.09 -7.85 -6.36 
 228 -7.08 -7.91 -6.36 
 229 -7.11 -7.87 -6.36 
 230 -7.13 -7.87 -6.36 
 231 -7.09 -7.94 -6.36 
 232 -7.18 -7.94 -6.36 
 233 -7.18 -7.93 -6.36 
 234 -7.18 -7.94 -6.36 
 235 -7.17 -7.93 -6.36 
 236 -7.17 -7.94 -6.36 
 237 -7.22 -7.93 -6.36 
 238 -7.16 -7.93 -6.36 
 239 -7.19 -7.93 -6.36 
 240 -7.18 -7.93 -6.36 
 241 -7.21 -7.93 -6.36 
 242 -7.16 -7.94 -6.36 
 243 -7.17 -7.94 -6.36 
 244 -7.17 -7.93 -6.36 
 245 -7.21 -7.94 -6.36 
 246 -7.15 -7.93 -6.36 
 247 -7.17 -7.93 -6.36 
 248 -7.19 -7.94 -6.36 
 249 -7.17 -7.94 -6.36 
 250 -7.17 -7.94 -6.36 
 251 -7.18 -7.94 -6.36 
 252 -7.19 -7.93 -6.36 
 253 -7.16 -7.94 -6.36 
 254 -7.17 -7.92 -6.36 
 255 -7.22 -7.94 -6.36 
 256 -7.18 -7.93 -6.36 
 257 -7.19 -7.93 -6.36 
 258 -7.22 -7.81 -6.36 
 259 -7.05 -7.78 -6.36 
 260 -7.07 -7.78 -6.36 
 261 -7.08 -7.79 -6.36 
 262 -7.08 -7.80 -6.36 
 263 -7.07 -7.77 -6.36 
 264 -7.15 -7.77 -6.36 
 265 -7.16 -7.78 -6.36 
 266 -7.22 -7.77 -6.36 
 267 -7.16 -7.78 -6.36 
 268 -7.15 -7.78 -6.36 
 269 -7.18 -7.77 -6.36 
 270 -7.16 -7.77 -6.36 
 271 -7.16 -7.77 -6.36 
 272 -7.17 -7.77 -6.36 
 273 -7.16 -7.77 -6.36 
 274 -7.17 -7.78 -6.36 
 275 -7.17 -7.78 -6.36 
 276 -7.17 -7.76 -6.36 
 277 -7.14 -7.70 -6.36 
 278 -7.30 -7.68 -6.36 
 279 -7.32 -7.69 -6.36 
 280 -7.30 -7.70 -6.36 
 281 -7.32 -7.69 -6.36 
 282 -7.31 -7.64 -6.36 
 283 -7.31 -7.65 -6.36 
 284 -7.31 -7.66 -6.36 
 285 -7.30 -7.64 -6.36 
 286 -7.30 -7.52 -6.36 
 287 -7.05 -7.36 -6.36 
 288 -6.82 -6.98 -6.36 
 289 -6.61 -6.36 -6.36 
 290 -6.39 -6.13 -6.36 
 291 -6.24 -5.98 -6.36 
 292 -6.23 -6.06 -6.24 
 293 -6.20 -5.88 -6.23 
 294 -6.19 -5.79 -6.20 
 295 -6.09 -5.61 -6.19 
 296 -6.08 -5.61 -6.09 
 297 -6.06 -5.66 -6.08 
 298 -6.06 -5.60 -6.06 
 299 -6.07 -5.58 -6.06 
 300 -6.05 -5.57 -6.06 
 301 -6.02 -5.59 -6.05 
 302 -6.02 -5.51 -6.02 
 303 -6.00 -5.58 -6.02 
 304 -5.96 -5.58 -6.00 
 305 -5.96 -5.56 -5.96 
 306 -5.97 -5.56 -5.96 
 307 -5.96 -5.60 -5.96 
 308 -5.94 -5.47 -5.96 
 309 -5.91 -5.51 -5.94 
 310 -5.89 -5.47 -5.91 
 311 -5.86 -5.48 -5.89 
 312 -5.84 -5.46 -5.86 
 313 -5.82 -5.46 -5.84 
 314 -5.80 -5.47 -5.82 
 315 -5.78 -5.50 -5.80 
 316 -5.75 -5.48 -5.78 
 317 -5.74 -5.52 -5.75 
 318 -5.71 -5.53 -5.74 
 319 -5.70 -5.57 -5.71 
 320 -5.70 -5.55 -5.70 
 321 -5.69 -5.55 -5.70 
 322 -5.68 -5.57 -5.69 
 323 -5.68 -5.55 -5.68 
 324 -5.68 -5.54 -5.68 
 325 -5.66 -5.51 -5.68 
 326 -5.65 -5.52 -5.66 
 327 -5.64 -5.51 -5.65 
 328 -5.64 -5.51 -5.64 
 329 -5.63 -5.51 -5.64 
 330 -5.62 -5.51 -5.63 
 331 -5.62 -5.53 -5.62 
 332 -5.62 -5.51 -5.62 
 333 -5.62 -5.50 -5.62 
 334 -5.61 -5.49 -5.62 
 335 -5.61 -5.50 -5.61 
 336 -5.61 -5.50 -5.61 
 337 -5.60 -5.50 -5.61 
 338 -5.60 -5.49 -5.60 
 339 -5.59 -5.50 -5.60 
 340 -5.59 -5.50 -5.59 
 341 -5.58 -5.51 -5.59 
 342 -5.58 -5.50 -5.58 
 343 -5.57 -5.51 -5.58 
 344 -5.58 -5.51 -5.57 
 345 -5.57 -5.53 -5.57 
 346 -5.57 -5.52 -5.57 
 347 -5.57 -5.48 -5.57 
 348 -5.54 -5.47 -5.57 
 349 -5.52 -5.43 -5.54 
 350 -5.50 -5.43 -5.52 
 351 -5.49 -5.42 -5.50 
 352 -5.48 -5.41 -5.49 
 353 -5.48 -5.41 -5.48 
 354 -5.47 -5.41 -5.48 
 355 -5.47 -5.41 -5.47 
 356 -5.47 -5.40 -5.47 
 357 -5.47 -5.41 -5.47 
 358 -5.48 -5.41 -5.47 
 359 -5.47 -5.40 -5.47 
 360 -5.48 -5.40 -5.47 
 361 -5.48 -5.40 -5.47 
 362 -5.48 -5.40 -5.47 
 363 -5.47 -5.40 -5.47 
 364 -5.47 -5.40 -5.47 
 365 -5.47 -5.40 -5.47 
 366 -5.46 -5.39 -5.47 
 367 -5.46 -5.39 -5.46 
 368 -5.45 -5.39 -5.46 
 369 -5.45 -5.39 -5.45 
 370 -5.45 -5.39 -5.45 
 371 -5.45 -5.39 -5.45 
 372 -5.45 -5.39 -5.45 
 373 -5.45 -5.40 -5.45 
 374 -5.45 -5.39 -5.45 
 375 -5.45 -5.39 -5.45 
 376 -5.45 -5.38 -5.45 
 377 -5.44 -5.38 -5.45 
 378 -5.44 -5.38 -5.44 
 379 -5.44 -5.39 -5.44 
 380 -5.44 -5.40 -5.44 
 381 -5.45 -5.39 -5.44 
 382 -5.44 -5.38 -5.44 
 383 -5.43 -5.38 -5.44 
 384 -5.43 -5.38 -5.43 
 385 -5.42 -5.37 -5.43 
 386 -5.42 -5.38 -5.42 
 387 -5.42 -5.38 -5.42 
 388 -5.42 -5.38 -5.42 
 389 -5.42 -5.38 -5.42 
 390 -5.43 -5.39 -5.42 
 391 -5.43 -5.38 -5.42 
 392 -5.43 -5.39 -5.42 
 393 -5.43 -5.40 -5.42 
 394 -5.44 -5.40 -5.42 
 395 -5.44 -5.39 -5.42 
 396 -5.43 -5.39 -5.42 
 397 -5.43 -5.39 -5.42 
 398 -5.44 -5.40 -5.42 
 399 -5.44 -5.38 -5.42 
 400 -5.42 -5.37 -5.42 
 401 -5.42 -5.37 -5.42 
 402 -5.41 -5.37 -5.42 
 403 -5.41 -5.37 -5.41 
 404 -5.41 -5.37 -5.41 
 405 -5.41 -5.37 -5.41 
 406 -5.41 -5.37 -5.41 
 407 -5.41 -5.37 -5.41 
 408 -5.41 -5.37 -5.41 
 409 -5.41 -5.37 -5.41 
 410 -5.41 -5.37 -5.41 
 411 -5.41 -5.38 -5.41 
 412 -5.41 -5.38 -5.41 
 413 -5.42 -5.38 -5.41 
 414 -5.41 -5.37 -5.41 
 415 -5.41 -5.38 -5.41 
 416 -5.41 -5.37 -5.41 
 417 -5.41 -5.37 -5.41 
 418 -5.41 -5.37 -5.41 
 419 -5.41 -5.37 -5.41 
 420 -5.41 -5.37 -5.41 
 421 -5.41 -5.37 -5.41 
 422 -5.41 -5.37 -5.41 
 423 -5.41 -5.38 -5.41 
 424 -5.41 -5.38 -5.41 
 425 -5.41 -5.38 -5.41 
 426 -5.41 -5.38 -5.41 
 427 -5.42 -5.38 -5.41 
 428 -5.41 -5.39 -5.41 
 429 -5.42 -5.39 -5.41 
 430 -5.42 -5.39 -5.41 
 431 -5.43 -5.40 -5.41 
 432 -5.43 -5.40 -5.41 
 433 -5.43 -5.40 -5.41 
 434 -5.43 -5.39 -5.41 
 435 -5.43 -5.38 -5.41 
 436 -5.42 -5.38 -5.41 
 437 -5.42 -5.38 -5.41 
 438 -5.41 -5.38 -5.41 
 439 -5.41 -5.38 -5.41 
 440 -5.41 -5.37 -5.41 
 441 -5.41 -5.37 -5.41 
 442 -5.41 -5.37 -5.41 
 443 -5.41 -5.37 -5.41 
 444 -5.41 -5.37 -5.41 
 445 -5.41 -5.37 -5.41 
 446 -5.40 -5.37 -5.41 
 447 -5.40 -5.37 -5.40 
 448 -5.40 -5.37 -5.40 
 449 -5.40 -5.37 -5.40 
 450 -5.40 -5.37 -5.40 
 451 -5.40 -5.37 -5.40 
