Iter | Sampling Pol | Evaluation Pol | Best (Sampled) 
   0 336.62 1029.92 -100000000.00 
   1 333.30 429.76 336.62 
   2 319.91 174.22 336.62 
   3 267.89 481.14 336.62 
   4 266.87 171.90 336.62 
   5 212.06 297.56 336.62 
   6 350.56 571.44 336.62 
   7 364.98 299.05 350.56 
   8 363.32 342.10 364.98 
   9 309.82 60.63 364.98 
  10 350.94 278.21 364.98 
  11 305.88 169.72 364.98 
  12 407.48 119.52 364.98 
  13 350.19 72.39 407.48 
  14 280.93 33.76 407.48 
  15 318.92 70.62 407.48 
  16 299.78 94.35 407.48 
  17 308.74 155.21 407.48 
  18 332.61 167.15 407.48 
  19 312.67 28.76 407.48 
  20 306.06 207.28 407.48 
  21 363.36 189.86 407.48 
  22 304.54 148.35 407.48 
  23 328.60 75.43 407.48 
  24 261.62 114.79 407.48 
  25 347.95 155.78 407.48 
  26 273.68 275.61 407.48 
  27 345.45 37.15 407.48 
  28 330.27 60.08 407.48 
  29 333.22 123.16 407.48 
  30 265.28 129.20 407.48 
  31 305.78 143.59 407.48 
  32 321.85 73.77 407.48 
  33 242.31 56.37 407.48 
  34 312.97 310.83 407.48 
  35 406.29 114.95 407.48 
  36 330.76 142.21 407.48 
  37 176.94 42.17 407.48 
  38 183.10 288.81 407.48 
  39 257.42 207.57 407.48 
  40 191.66 154.46 407.48 
  41 209.70 92.48 407.48 
  42 276.00 41.54 407.48 
  43 268.60 326.13 407.48 
  44 190.45 160.67 407.48 
  45 242.05 103.76 407.48 
  46 210.83 85.35 407.48 
  47 260.11 227.26 407.48 
  48 193.74 424.53 407.48 
  49 187.03 455.15 407.48 
  50 197.59 495.87 407.48 
  51 247.12 48.15 407.48 
  52 173.51 55.74 407.48 
  53 213.82 25.19 407.48 
  54 237.19 47.70 407.48 
  55 151.36 289.79 407.48 
  56 265.29 275.78 407.48 
  57 194.61 118.46 407.48 
  58 131.53 28.05 407.48 
  59 240.38 181.81 407.48 
  60 198.74 212.98 407.48 
  61 139.01 167.01 407.48 
  62 167.28 204.44 407.48 
  63 186.03 327.26 407.48 
  64 178.07 232.93 407.48 
  65 111.50 182.66 407.48 
  66 191.49 77.93 407.48 
  67 147.59 72.51 407.48 
  68 194.01 276.90 407.48 
  69 172.52 65.40 407.48 
  70 137.72 120.58 407.48 
  71 193.17 24.82 407.48 
  72 163.40 73.42 407.48 
  73 252.03 25.07 407.48 
  74 168.66 98.37 407.48 
  75 167.15 21.03 407.48 
  76 128.97 29.28 407.48 
  77 188.15 67.99 407.48 
  78 168.46 87.23 407.48 
  79 163.78 55.06 407.48 
  80 154.86 21.68 407.48 
  81 46.65 96.04 407.48 
  82 131.00 53.23 407.48 
  83 116.44 149.12 407.48 
  84 193.21 65.56 407.48 
  85 118.26 104.07 407.48 
  86 122.27 18.13 407.48 
  87 162.90 23.89 407.48 
  88 87.60 63.27 407.48 
  89 174.03 25.11 407.48 
  90 170.95 128.79 407.48 
  91 136.18 43.70 407.48 
  92 174.76 217.26 407.48 
  93 152.73 82.21 407.48 
  94 149.04 88.24 407.48 
  95 150.56 23.44 407.48 
  96 93.32 23.20 407.48 
  97 117.25 22.32 407.48 
  98 155.71 42.01 407.48 
  99 112.05 45.60 407.48 
 100 148.31 47.15 407.48 
 101 136.07 68.95 407.48 
 102 175.14 21.78 407.48 
 103 206.93 55.82 407.48 
 104 161.24 44.23 407.48 
 105 158.26 36.67 407.48 
 106 131.62 199.52 407.48 
 107 185.26 121.05 407.48 
 108 140.88 311.03 407.48 
 109 171.91 24.27 407.48 
 110 89.58 132.03 407.48 
 111 192.07 25.06 407.48 
 112 243.21 20.63 407.48 
 113 155.44 164.06 407.48 
 114 136.25 18.30 407.48 
 115 159.70 83.22 407.48 
 116 230.02 20.70 407.48 
 117 140.59 17.71 407.48 
 118 151.92 284.89 407.48 
 119 185.85 21.26 407.48 
 120 243.95 20.95 407.48 
 121 191.61 19.54 407.48 
 122 157.61 23.18 407.48 
 123 199.50 18.12 407.48 
 124 243.05 16.57 407.48 
 125 161.39 24.07 407.48 
 126 156.81 28.89 407.48 
 127 310.52 19.21 407.48 
 128 217.63 259.85 407.48 
 129 244.92 19.56 407.48 
 130 179.32 19.40 407.48 
 131 212.68 17.49 407.48 
 132 253.41 112.61 407.48 
 133 182.80 18.88 407.48 
 134 192.26 19.19 407.48 
 135 177.13 17.81 407.48 
 136 239.00 71.11 407.48 
 137 188.60 37.67 407.48 
 138 371.94 97.43 407.48 
 139 241.22 15.31 407.48 
 140 197.64 46.59 407.48 
 141 256.82 25.30 407.48 
 142 224.56 16.85 407.48 
 143 214.63 28.99 407.48 
 144 334.43 23.57 407.48 
 145 297.03 32.55 407.48 
 146 283.28 85.96 407.48 
 147 360.59 16.38 407.48 
 148 170.93 21.53 407.48 
 149 316.93 48.09 407.48 
 150 242.01 159.89 407.48 
 151 328.64 69.55 407.48 
 152 247.07 87.08 407.48 
 153 406.56 166.18 407.48 
 154 432.56 58.23 407.48 
 155 275.42 139.30 432.56 
 156 264.89 176.93 432.56 
 157 399.06 73.67 432.56 
 158 378.41 74.63 432.56 
 159 406.57 122.52 432.56 
 160 382.17 302.06 432.56 
 161 319.21 144.67 432.56 
 162 305.20 321.84 432.56 
 163 406.30 157.32 432.56 
 164 290.77 203.97 432.56 
 165 435.85 80.94 432.56 
 166 398.62 210.14 435.85 
 167 347.45 368.53 435.85 
 168 400.69 83.55 435.85 
 169 415.86 197.73 435.85 
 170 443.28 790.34 435.85 
 171 524.97 684.94 443.28 
 172 433.29 772.56 524.97 
 173 644.88 510.17 524.97 
 174 630.05 865.36 644.88 
 175 526.92 153.40 644.88 
 176 657.94 547.22 644.88 
 177 527.69 364.15 657.94 
 178 469.49 665.16 657.94 
 179 625.68 523.58 657.94 
 180 379.08 444.68 657.94 
 181 771.30 780.42 657.94 
 182 463.45 301.01 771.30 
 183 597.04 758.93 771.30 
 184 652.15 550.50 771.30 
 185 541.18 622.21 771.30 
 186 620.67 682.14 771.30 
 187 597.51 661.23 771.30 
 188 482.98 403.26 771.30 
 189 569.32 427.26 771.30 
 190 451.89 562.31 771.30 
 191 541.93 550.39 771.30 
 192 715.31 520.72 771.30 
 193 550.63 592.15 771.30 
 194 738.47 750.00 771.30 
 195 791.90 1027.37 771.30 
 196 653.26 475.14 791.90 
 197 765.76 1046.57 791.90 
 198 647.31 880.77 791.90 
 199 756.38 703.98 791.90 
 200 731.79 887.01 791.90 
 201 768.56 1752.65 791.90 
 202 883.80 420.31 791.90 
 203 727.78 557.62 883.80 
 204 712.54 1245.61 883.80 
 205 695.15 1429.56 883.80 
 206 1043.57 760.14 883.80 
 207 1139.43 1233.04 1043.57 
 208 1058.36 1733.00 1139.43 
 209 1086.45 1590.34 1139.43 
 210 753.11 1414.57 1139.43 
 211 1087.40 908.29 1139.43 
 212 1041.42 2290.15 1139.43 
 213 1012.76 1588.23 1139.43 
 214 1059.90 954.36 1139.43 
 215 809.26 1534.38 1139.43 
 216 1058.44 873.98 1139.43 
 217 825.63 1610.66 1139.43 
 218 1240.59 1622.12 1139.43 
 219 1075.78 1047.01 1240.59 
 220 1209.16 1906.46 1240.59 
 221 1018.40 1571.98 1240.59 
 222 1233.02 2075.85 1240.59 
 223 1248.95 1391.08 1240.59 
 224 1057.00 987.22 1248.95 
 225 1372.39 514.31 1248.95 
 226 1252.57 1388.39 1372.39 
 227 1150.74 1270.30 1372.39 
 228 1240.92 1280.62 1372.39 
 229 1219.99 1470.14 1372.39 
 230 1192.85 1362.13 1372.39 
 231 1212.48 1634.35 1372.39 
 232 1257.94 1208.94 1372.39 
 233 1160.70 1759.33 1372.39 
 234 1234.94 1568.02 1372.39 
 235 1182.14 636.24 1372.39 
 236 1208.54 1248.44 1372.39 
 237 1310.98 1325.29 1372.39 
 238 1377.53 2595.10 1372.39 
 239 1093.78 989.17 1377.53 
 240 1328.64 1610.05 1377.53 
 241 1311.67 1549.06 1377.53 
 242 1407.15 2076.79 1377.53 
 243 1242.69 2397.74 1407.15 
 244 1266.79 1842.16 1407.15 
 245 1440.63 1523.62 1407.15 
 246 1331.00 691.09 1440.63 
 247 1435.08 1367.10 1440.63 
 248 1061.89 1435.05 1440.63 
 249 1248.96 1390.19 1440.63 
 250 1273.18 1775.32 1440.63 
 251 1223.02 1238.40 1440.63 
 252 1244.08 2112.44 1440.63 
 253 1391.25 1458.55 1440.63 
 254 1211.26 1463.21 1440.63 
 255 1425.32 1035.12 1440.63 
 256 1276.24 2053.95 1440.63 
 257 1268.64 1899.09 1440.63 
 258 1358.58 2385.62 1440.63 
 259 1294.30 1831.93 1440.63 
 260 1229.72 1122.63 1440.63 
 261 1321.04 1364.61 1440.63 
 262 1177.25 1147.07 1440.63 
 263 1337.48 920.65 1440.63 
 264 1416.47 2382.80 1440.63 
 265 1505.82 1678.13 1440.63 
 266 1367.42 1290.66 1505.82 
 267 1507.25 1681.29 1505.82 
 268 1645.07 1507.46 1507.25 
 269 1214.51 1803.79 1645.07 
 270 1291.77 896.59 1645.07 
 271 1483.91 2554.03 1645.07 
 272 1358.10 1544.11 1645.07 
 273 1469.17 1631.56 1645.07 
 274 1380.14 1692.29 1645.07 
 275 1521.61 1937.85 1645.07 
 276 1502.80 2293.77 1645.07 
 277 1260.20 2196.33 1645.07 
 278 1432.09 1366.98 1645.07 
 279 1501.75 2290.93 1645.07 
 280 1507.04 1874.96 1645.07 
 281 1532.29 2348.46 1645.07 
 282 1726.66 2134.33 1645.07 
 283 1476.45 1863.89 1726.66 
 284 1579.24 2489.02 1726.66 
 285 1565.31 2314.17 1726.66 
 286 1516.09 1754.47 1726.66 
 287 1556.93 2061.29 1726.66 
 288 1802.76 3444.59 1726.66 
 289 1597.76 1826.35 1802.76 
 290 1623.81 2041.00 1802.76 
 291 1725.60 2097.27 1802.76 
 292 1596.63 2009.19 1802.76 
 293 1948.59 1634.22 1802.76 
 294 1556.17 2077.21 1948.59 
 295 1664.42 1487.24 1948.59 
 296 1797.97 2192.25 1948.59 
 297 1671.82 1978.61 1948.59 
 298 1805.16 2339.88 1948.59 
 299 1870.05 2171.56 1948.59 
 300 1688.96 1502.40 1948.59 
 301 1657.86 1350.61 1948.59 
 302 1591.02 2643.12 1948.59 
 303 1663.84 2175.21 1948.59 
 304 1591.24 1951.94 1948.59 
 305 1614.03 2153.56 1948.59 
 306 1785.91 2530.75 1948.59 
 307 1792.88 1465.31 1948.59 
 308 1961.97 2833.25 1948.59 
 309 2021.63 2274.21 1961.97 
 310 2047.79 2022.31 2021.63 
 311 1809.42 2380.25 2047.79 
 312 1805.94 1989.97 2047.79 
 313 1990.42 1558.36 2047.79 
 314 2122.95 2439.32 2047.79 
 315 1727.87 2338.15 2122.95 
 316 1768.85 1720.88 2122.95 
 317 1749.72 1151.39 2122.95 
 318 1919.64 1663.88 2122.95 
 319 1781.50 1483.71 2122.95 
 320 1929.16 2544.11 2122.95 
 321 1963.16 2561.05 2122.95 
 322 1934.64 2670.13 2122.95 
 323 1932.80 2328.76 2122.95 
 324 2076.72 2599.75 2122.95 
 325 1939.58 2508.31 2122.95 
 326 1807.38 3306.90 2122.95 
 327 2263.16 2802.83 2122.95 
 328 2396.74 2073.12 2263.16 
 329 1867.56 2298.08 2396.74 
 330 2042.33 3052.71 2396.74 
 331 2198.45 1773.93 2396.74 
 332 2166.15 1911.61 2396.74 
 333 1995.95 2667.24 2396.74 
 334 2204.40 2474.95 2396.74 
 335 2053.81 2033.67 2396.74 
 336 2128.32 2225.61 2396.74 
 337 2266.00 1670.19 2396.74 
 338 2093.45 1966.40 2396.74 
 339 2201.00 2627.78 2396.74 
 340 2152.87 2274.44 2396.74 
 341 2011.82 1679.03 2396.74 
 342 2304.80 2915.56 2396.74 
 343 2324.20 2328.10 2396.74 
 344 2115.84 2065.64 2396.74 
 345 2197.67 2325.91 2396.74 
 346 2070.16 2224.74 2396.74 
 347 2148.22 1886.76 2396.74 
 348 1979.69 1809.21 2396.74 
 349 2050.69 2929.32 2396.74 
 350 2059.19 1921.38 2396.74 
 351 1993.91 2757.08 2396.74 
 352 2066.42 2243.42 2396.74 
 353 2214.16 2751.04 2396.74 
 354 2004.94 2778.32 2396.74 
 355 2026.17 2008.76 2396.74 
 356 1861.94 1605.16 2396.74 
 357 2126.71 1846.62 2396.74 
 358 2096.36 1703.75 2396.74 
 359 2299.95 2245.98 2396.74 
 360 2070.67 1695.24 2396.74 
 361 2101.32 2338.57 2396.74 
 362 2315.04 3135.88 2396.74 
 363 2238.47 3537.96 2396.74 
 364 2011.10 2446.14 2396.74 
 365 2103.73 3930.01 2396.74 
 366 2088.99 2840.00 2396.74 
 367 2363.61 2691.26 2396.74 
 368 2666.57 1994.36 2396.74 
 369 2122.97 2758.73 2666.57 
 370 2193.83 3333.81 2666.57 
 371 2654.48 3313.63 2666.57 
 372 2183.59 3648.97 2666.57 
 373 2282.30 3082.84 2666.57 
 374 2216.02 2778.12 2666.57 
 375 2490.48 3046.85 2666.57 
 376 2321.88 3238.95 2666.57 
 377 2192.95 2636.52 2666.57 
 378 2442.94 3037.69 2666.57 
 379 2287.27 3934.26 2666.57 
 380 2193.14 2592.57 2666.57 
 381 2477.83 3576.93 2666.57 
 382 2003.17 2884.11 2666.57 
 383 2334.83 2792.69 2666.57 
 384 2446.17 2970.88 2666.57 
 385 2094.72 3513.07 2666.57 
 386 2325.38 3833.97 2666.57 
 387 2617.40 3521.30 2666.57 
 388 2431.33 3722.64 2666.57 
 389 2113.27 2548.21 2666.57 
 390 2347.14 3812.76 2666.57 
 391 2452.85 3678.62 2666.57 
 392 2528.39 2781.08 2666.57 
 393 2292.37 2458.44 2666.57 
 394 2416.50 3069.15 2666.57 
 395 2506.05 3184.62 2666.57 
 396 2330.74 3726.10 2666.57 
 397 2112.66 3544.10 2666.57 
 398 2768.24 2828.95 2666.57 
 399 2726.06 3162.72 2768.24 
 400 2620.75 3716.15 2768.24 
 401 2730.16 2644.99 2768.24 
 402 2496.86 4007.04 2768.24 
 403 2366.01 3583.23 2768.24 
 404 2832.51 3050.01 2768.24 
 405 2469.77 3447.77 2832.51 
 406 2443.06 3822.46 2832.51 
 407 2733.59 3616.87 2832.51 
 408 2761.58 3790.34 2832.51 
 409 2633.68 3628.22 2832.51 
 410 2936.20 3473.58 2832.51 
 411 2884.99 3238.37 2936.20 
 412 2786.43 2922.50 2936.20 
 413 2490.13 3170.28 2936.20 
 414 2843.87 4546.88 2936.20 
 415 2849.69 4262.51 2936.20 
 416 2605.56 3256.03 2936.20 
 417 2672.16 4448.25 2936.20 
 418 2849.54 3458.09 2936.20 
 419 2618.65 3714.57 2936.20 
 420 3020.69 3089.59 2936.20 
 421 2730.68 3413.90 3020.69 
 422 2557.04 3430.34 3020.69 
 423 2714.24 4586.77 3020.69 
 424 2822.95 4585.08 3020.69 
 425 2667.85 3488.60 3020.69 
 426 2748.16 3641.64 3020.69 
 427 2740.53 3327.08 3020.69 
 428 2918.28 3854.69 3020.69 
 429 2982.16 3620.27 3020.69 
 430 2976.63 4212.65 3020.69 
 431 2640.60 5147.10 3020.69 
 432 3126.11 4153.53 3020.69 
 433 3073.65 3581.64 3126.11 
 434 3258.47 3977.31 3126.11 
 435 3132.94 3460.57 3258.47 
 436 2823.76 4617.90 3258.47 
 437 3156.03 4359.41 3258.47 
 438 2877.77 4357.75 3258.47 
 439 2892.31 4535.73 3258.47 
 440 2839.97 4291.99 3258.47 
 441 3363.52 5025.03 3258.47 
 442 3270.36 4468.53 3363.52 
 443 3250.90 5084.43 3363.52 
 444 3211.41 4377.19 3363.52 
 445 3345.55 5122.65 3363.52 
 446 3233.96 4433.84 3363.52 
 447 3066.22 4476.02 3363.52 
 448 3309.88 5438.65 3363.52 
 449 3690.24 5176.77 3363.52 
 450 3456.62 4478.76 3690.24 
 451 3160.40 4034.02 3690.24 
 452 3261.77 5342.87 3690.24 
 453 3320.72 4259.80 3690.24 
 454 3241.48 5275.56 3690.24 
 455 3263.16 4264.59 3690.24 
 456 3020.85 3311.68 3690.24 
 457 3315.12 5608.70 3690.24 
 458 3285.32 5022.68 3690.24 
 459 3310.01 5137.71 3690.24 
 460 3665.57 4674.49 3690.24 
 461 3681.63 5860.77 3690.24 
 462 3704.93 4435.02 3690.24 
 463 3278.48 4726.60 3704.93 
 464 3277.30 4380.00 3704.93 
 465 3641.67 4909.18 3704.93 
 466 3307.60 4167.76 3704.93 
 467 3522.46 5594.07 3704.93 
 468 3107.90 5730.79 3704.93 
 469 3497.67 4853.01 3704.93 
 470 3409.77 4792.22 3704.93 
 471 3292.37 4151.93 3704.93 
 472 3272.62 5373.74 3704.93 
 473 3438.02 4896.64 3704.93 
 474 3260.24 4498.28 3704.93 
 475 2981.16 4336.78 3704.93 
 476 3237.44 4522.96 3704.93 
 477 3413.28 3658.63 3704.93 
 478 3329.12 3464.94 3704.93 
 479 3776.49 4641.12 3704.93 
 480 3250.71 5163.20 3776.49 
 481 3695.87 5904.70 3776.49 
 482 3350.06 5325.05 3776.49 
 483 3541.79 4334.37 3776.49 
 484 3771.10 4538.29 3776.49 
 485 3200.98 4344.33 3776.49 
 486 3541.10 4980.39 3776.49 
 487 3677.81 3897.98 3776.49 
 488 3563.91 3570.38 3776.49 
 489 3481.53 4313.79 3776.49 
 490 3551.02 5330.42 3776.49 
 491 3409.73 5863.04 3776.49 
 492 3987.66 3953.91 3776.49 
 493 3874.06 4404.05 3987.66 
 494 3228.64 3832.54 3987.66 
 495 3462.93 4699.61 3987.66 
 496 3467.10 2946.01 3987.66 
 497 3713.78 5118.07 3987.66 
 498 3357.14 4635.06 3987.66 
 499 3571.95 3885.08 3987.66 
 500 3625.31 4984.48 3987.66 
 501 3573.89 5016.19 3987.66 
 502 3181.65 5491.91 3987.66 
 503 4303.73 3812.62 3987.66 
 504 3876.39 4677.81 4303.73 
 505 3622.53 4968.22 4303.73 
 506 3650.22 5003.54 4303.73 
 507 3942.31 5676.57 4303.73 
 508 3834.34 4584.81 4303.73 
 509 3538.97 6728.84 4303.73 
 510 3774.45 3795.70 4303.73 
 511 3827.96 4609.47 4303.73 
 512 3893.22 4468.31 4303.73 
 513 4252.18 5356.21 4303.73 
 514 3666.31 4515.68 4303.73 
 515 4150.72 5457.25 4303.73 
 516 3844.14 4682.94 4303.73 
 517 4100.01 6412.80 4303.73 
 518 3648.77 4994.34 4303.73 
 519 4116.74 5091.36 4303.73 
 520 3948.55 5549.92 4303.73 
 521 3994.71 4245.32 4303.73 
 522 3971.18 4010.62 4303.73 
 523 3623.33 4386.97 4303.73 
 524 3931.86 5471.28 4303.73 
 525 3944.21 4525.80 4303.73 
 526 3799.75 4648.96 4303.73 
 527 4369.80 4646.25 4303.73 
 528 3891.07 4854.38 4369.80 
 529 4270.87 4667.91 4369.80 
 530 3476.68 6033.60 4369.80 
 531 4204.01 6692.62 4369.80 
 532 3813.76 5456.73 4369.80 
 533 4006.64 5408.75 4369.80 
 534 4267.63 4891.33 4369.80 
 535 3910.56 5523.63 4369.80 
 536 4230.75 4585.46 4369.80 
 537 4345.44 6459.70 4369.80 
 538 4260.76 5939.75 4369.80 
 539 4447.52 6432.06 4369.80 
 540 4395.91 5191.10 4447.52 
 541 4448.93 6184.01 4447.52 
 542 4280.96 5588.28 4448.93 
 543 4301.36 5615.55 4448.93 
 544 4202.92 5214.44 4448.93 
 545 3924.54 4851.18 4448.93 
 546 4231.56 4798.30 4448.93 
 547 4375.76 4582.85 4448.93 
 548 4292.91 5665.23 4448.93 
 549 4352.94 4212.08 4448.93 
 550 4485.34 5752.86 4448.93 
 551 3981.48 5422.13 4485.34 
 552 4481.27 6322.49 4485.34 
 553 3949.11 4447.34 4485.34 
 554 4853.40 6076.68 4485.34 
 555 4482.90 5208.06 4853.40 
 556 4657.42 5326.44 4853.40 
 557 4529.96 6538.45 4853.40 
 558 4645.00 5627.50 4853.40 
 559 4064.09 6029.13 4853.40 
 560 4138.35 6482.37 4853.40 
 561 4512.87 6317.28 4853.40 
 562 4380.93 5637.24 4853.40 
 563 4486.12 5055.99 4853.40 
 564 4462.39 5718.21 4853.40 
 565 4216.52 5013.47 4853.40 
 566 4301.23 5819.99 4853.40 
 567 5060.65 5495.43 4853.40 
 568 4378.52 6083.16 5060.65 
 569 4564.58 6193.37 5060.65 
 570 4654.71 4729.18 5060.65 
 571 4667.77 5119.13 5060.65 
 572 4755.98 5674.75 5060.65 
 573 4600.63 4897.04 5060.65 
 574 4836.37 6988.77 5060.65 
 575 4667.66 6045.72 5060.65 
 576 4785.97 5888.23 5060.65 
 577 4268.71 5100.75 5060.65 
 578 4559.65 5736.79 5060.65 
 579 4356.41 5925.84 5060.65 
 580 4785.57 4924.28 5060.65 
 581 4688.72 7194.27 5060.65 
 582 4744.78 4307.18 5060.65 
 583 4665.37 3825.85 5060.65 
 584 5210.66 5051.65 5060.65 
 585 4924.61 5965.96 5210.66 
 586 5413.51 6405.84 5210.66 
 587 4659.97 4587.85 5413.51 
 588 4748.09 4963.56 5413.51 
 589 4476.76 5882.64 5413.51 
 590 4908.74 5637.87 5413.51 
 591 4960.20 4551.02 5413.51 
 592 5176.46 4428.06 5413.51 
 593 4781.99 5607.30 5413.51 
 594 5056.09 4876.85 5413.51 
 595 5128.56 5389.03 5413.51 
 596 5080.00 4955.72 5413.51 
 597 5125.59 6056.91 5413.51 
 598 4974.79 6388.65 5413.51 
 599 5268.10 6438.19 5413.51 
 600 5395.31 6547.34 5413.51 
 601 5464.03 6009.71 5413.51 
 602 5314.35 5848.70 5464.03 
 603 5106.51 7148.90 5464.03 
 604 5276.82 6118.80 5464.03 
 605 5411.53 5444.42 5464.03 
 606 5446.98 6099.21 5464.03 
