Iter | Sampling Pol | Evaluation Pol | Best (Sampled) 
   0 -9.08 26.41 -100000000.00 
   1 -9.51 26.61 -9.08 
   2 -9.09 26.49 -9.08 
   3 -9.21 26.29 -9.08 
   4 -9.15 26.35 -9.08 
   5 -9.16 26.53 -9.08 
   6 -9.30 26.12 -9.08 
   7 -9.36 26.37 -9.08 
   8 -9.45 26.73 -9.08 
   9 -9.44 26.58 -9.08 
  10 -9.04 26.71 -9.08 
  11 -9.31 26.47 -9.04 
  12 -9.59 26.53 -9.04 
  13 -9.18 26.65 -9.04 
  14 -9.12 26.50 -9.04 
  15 -9.07 26.23 -9.04 
  16 -9.54 -2.63 -9.04 
  17 -9.29 33.37 -9.04 
  18 -9.16 33.34 -9.04 
  19 -9.23 33.36 -9.04 
  20 -9.07 33.33 -9.04 
  21 -9.27 33.34 -9.04 
  22 -9.27 33.38 -9.04 
  23 -9.17 33.31 -9.04 
  24 -9.14 33.37 -9.04 
  25 -9.21 33.37 -9.04 
  26 -8.89 33.35 -9.04 
  27 -9.18 33.31 -8.89 
  28 -9.17 33.40 -8.89 
  29 -9.23 21.38 -8.89 
  30 -8.59 26.03 -8.89 
  31 -8.74 24.84 -8.59 
  32 -8.76 22.20 -8.59 
  33 -8.82 27.33 -8.59 
  34 -8.93 26.41 -8.59 
  35 -9.14 26.78 -8.59 
  36 -8.67 20.75 -8.59 
  37 -8.76 27.94 -8.59 
  38 -8.85 24.94 -8.59 
  39 -8.72 26.19 -8.59 
  40 -9.11 21.00 -8.59 
  41 -9.02 22.54 -8.59 
  42 -8.88 31.38 -8.59 
  43 -8.50 29.35 -8.59 
  44 -9.03 28.01 -8.50 
  45 -8.91 32.97 -8.50 
  46 -8.78 33.75 -8.50 
  47 -8.83 11.74 -8.50 
  48 -8.79 -6.57 -8.50 
  49 -8.22 -5.80 -8.50 
  50 -7.88 -5.22 -8.22 
  51 -7.08 -4.33 -7.88 
  52 -6.09 -4.69 -7.08 
  53 -5.41 -4.66 -6.09 
  54 -4.86 -4.31 -5.41 
  55 -4.42 -3.79 -4.86 
  56 -3.93 -3.76 -4.42 
  57 -3.37  1.70 -3.93 
  58 -3.35 -2.06 -3.37 
  59 -3.06  6.31 -3.35 
  60 -2.38 -4.44 -3.06 
  61 -2.17 10.96 -2.38 
  62 -1.31  3.42 -2.17 
  63 -0.23  7.39 -1.31 
  64  1.15  8.32 -0.23 
  65  2.53 10.29  1.15 
  66  3.23 13.70  2.53 
  67  4.24 12.31  3.23 
  68  5.33 13.56  4.24 
  69  5.58 28.13  5.33 
  70  5.65 21.61  5.58 
  71  8.04 22.86  5.65 
  72  8.42 23.97  8.04 
  73 10.54 31.40  8.42 
  74 12.17 29.11 10.54 
  75 13.37 22.86 12.17 
  76 15.61 23.88 13.37 
  77 18.17 19.32 15.61 
  78 19.99 22.27 18.17 
  79 21.93 21.93 19.99 
  80 23.82 22.66 21.93 
  81 24.67 31.91 23.82 
  82 26.25 32.18 24.67 
  83 27.97 28.31 26.25 
  84 28.57 32.37 27.97 
  85 28.54 32.68 28.57 
  86 29.77 32.71 28.57 
  87 30.81 33.41 29.77 
  88 31.53 33.69 30.81 
  89 32.32 33.93 31.53 
  90 32.27 34.73 32.32 
  91 32.79 35.00 32.32 
  92 32.86 34.56 32.79 
  93 33.18 34.37 32.86 
  94 33.52 34.34 33.18 
  95 33.78 34.29 33.52 
  96 34.27 34.48 33.78 
  97 34.11 34.62 34.27 
  98 34.34 34.83 34.27 
  99 34.26 35.39 34.34 
 100 34.17 35.39 34.34 
 101 34.45 35.24 34.34 
 102 34.57 33.76 34.45 
 103 34.61 35.40 34.57 
 104 34.25 35.31 34.61 
 105 33.83 35.87 34.61 
 106 34.76 34.82 34.61 
 107 34.00 34.82 34.76 
 108 34.40 34.72 34.76 
 109 33.86 34.73 34.76 
 110 34.95 34.26 34.76 
 111 34.73 34.66 34.95 
 112 34.42 34.58 34.95 
 113 34.51 34.35 34.95 
 114 34.40 33.94 34.95 
 115 34.17 34.58 34.95 
 116 34.70 35.28 34.95 
 117 34.86 35.46 34.95 
 118 35.01 34.64 34.95 
 119 34.84 35.14 35.01 
 120 34.90 35.36 35.01 
 121 34.94 33.41 35.01 
 122 34.87 34.81 35.01 
 123 35.19 36.95 35.01 
 124 35.20 37.17 35.19 
 125 35.15 37.23 35.20 
 126 35.62 36.09 35.20 
 127 35.38 33.68 35.62 
 128 35.52 36.59 35.62 
 129 35.44 34.96 35.62 
 130 35.44 35.35 35.62 
 131 35.45 37.19 35.62 
 132 35.89 37.24 35.62 
 133 36.02 37.24 35.89 
 134 36.11 36.93 36.02 
 135 35.77 37.25 36.11 
 136 36.07 37.21 36.11 
 137 36.12 37.22 36.11 
 138 35.87 37.26 36.12 
 139 36.44 37.29 36.12 
 140 35.83 37.19 36.44 
 141 36.28 37.25 36.44 
 142 36.27 37.22 36.44 
 143 36.45 37.09 36.44 
 144 36.33 36.94 36.45 
 145 36.57 37.24 36.45 
 146 36.35 37.18 36.57 
 147 36.26 37.20 36.57 
 148 36.53 37.21 36.57 
 149 36.21 37.06 36.57 
 150 36.15 37.20 36.57 
 151 36.60 37.19 36.57 
 152 36.56 37.20 36.60 
 153 36.59 37.12 36.60 
 154 36.14 37.14 36.60 
 155 36.21 37.12 36.60 
 156 36.64 37.03 36.60 
 157 36.47 37.05 36.64 
 158 36.19 37.07 36.64 
 159 36.45 36.97 36.64 
 160 36.23 37.08 36.64 
 161 36.37 36.63 36.64 
 162 36.44 37.07 36.64 
 163 36.21 36.45 36.64 
 164 36.02 36.51 36.64 
 165 36.50 36.62 36.64 
 166 36.43 36.84 36.64 
 167 36.62 36.42 36.64 
 168 36.72 35.37 36.64 
 169 36.66 36.66 36.72 
 170 36.77 35.57 36.72 
 171 36.03 36.54 36.77 
 172 36.41 36.22 36.77 
 173 36.78 36.29 36.77 
 174 36.55 35.98 36.78 
 175 36.71 35.54 36.78 
 176 36.28 36.14 36.78 
 177 36.69 36.91 36.78 
 178 36.75 36.47 36.78 
 179 36.61 36.40 36.78 
 180 36.41 35.90 36.78 
 181 36.76 36.85 36.78 
 182 36.62 36.52 36.78 
 183 36.92 36.74 36.78 
 184 36.36 35.98 36.92 
 185 36.80 35.91 36.92 
 186 36.30 36.17 36.92 
 187 36.21 36.38 36.92 
 188 36.59 36.73 36.92 
 189 36.56 36.53 36.92 
 190 36.56 37.08 36.92 
 191 36.55 36.83 36.92 
 192 35.98 36.62 36.92 
 193 36.66 37.04 36.92 
 194 36.40 37.10 36.92 
 195 36.19 36.79 36.92 
 196 35.96 37.18 36.92 
 197 35.87 37.13 36.92 
 198 36.00 37.19 36.92 
 199 36.87 37.22 36.92 
 200 36.76 36.94 36.92 
 201 36.62 36.85 36.92 
 202 36.40 37.24 36.92 
 203 36.67 37.21 36.92 
 204 36.56 37.17 36.92 
 205 36.42 37.23 36.92 
 206 36.91 36.99 36.92 
 207 36.75 37.06 36.92 
 208 36.82 37.34 36.92 
 209 36.68 37.14 36.92 
 210 36.78 37.29 36.92 
 211 36.63 37.32 36.92 
 212 36.67 37.17 36.92 
 213 36.91 37.28 36.92 
 214 36.70 37.19 36.92 
 215 37.04 37.21 36.92 
 216 37.08 37.37 37.04 
 217 37.11 37.50 37.08 
 218 37.11 37.32 37.11 
 219 37.00 37.31 37.11 
 220 37.13 37.34 37.11 
 221 37.02 37.29 37.13 
 222 36.58 37.36 37.13 
 223 37.17 37.33 37.13 
 224 37.37 37.54 37.17 
 225 37.10 37.50 37.37 
 226 37.25 37.46 37.37 
 227 37.22 37.48 37.37 
 228 37.27 35.99 37.37 
 229 36.89 37.46 37.37 
 230 37.38 36.35 37.37 
 231 36.68 37.52 37.38 
 232 37.08 37.43 37.38 
 233 37.34 37.56 37.38 
 234 36.87 37.55 37.38 
 235 37.25 37.54 37.38 
 236 37.20 37.52 37.38 
 237 37.28 37.53 37.38 
 238 37.16 37.55 37.38 
 239 37.38 37.57 37.38 
 240 37.08 37.58 37.38 
 241 37.26 37.55 37.38 
 242 37.10 37.60 37.38 
 243 36.90 37.61 37.38 
 244 37.31 37.63 37.38 
 245 37.16 37.62 37.38 
 246 37.41 37.59 37.38 
 247 37.50 37.64 37.41 
 248 37.09 37.64 37.50 
 249 37.37 37.65 37.50 
 250 37.39 37.60 37.50 
 251 37.02 37.61 37.50 
 252 37.18 37.62 37.50 
 253 37.33 37.60 37.50 
 254 37.37 37.63 37.50 
 255 37.53 37.66 37.50 
 256 37.53 37.75 37.53 
 257 37.12 37.82 37.53 
 258 36.74 37.80 37.53 
 259 36.98 37.72 37.53 
 260 37.03 37.65 37.53 
 261 37.24 37.62 37.53 
 262 37.45 37.63 37.53 
 263 37.49 37.66 37.53 
 264 37.46 37.74 37.53 
 265 37.07 37.76 37.53 
 266 37.40 37.79 37.53 
 267 36.96 37.74 37.53 
 268 37.04 37.55 37.53 
 269 37.49 37.53 37.53 
 270 37.39 37.58 37.53 
 271 37.02 37.58 37.53 
 272 37.03 37.60 37.53 
 273 37.48 37.51 37.53 
 274 37.35 37.58 37.53 
 275 37.03 37.59 37.53 
 276 37.37 37.60 37.53 
 277 37.43 37.60 37.53 
 278 37.39 37.68 37.53 
 279 37.27 37.63 37.53 
 280 37.28 37.62 37.53 
 281 37.32 37.62 37.53 
 282 37.19 37.60 37.53 
 283 37.43 37.58 37.53 
 284 37.31 37.61 37.53 
 285 37.35 37.62 37.53 
 286 37.29 37.61 37.53 
 287 37.46 37.60 37.53 
 288 37.37 37.65 37.53 
 289 37.30 37.68 37.53 
 290 37.15 37.66 37.53 
 291 37.29 37.59 37.53 
 292 37.16 37.64 37.53 
 293 37.40 37.64 37.53 
 294 37.46 37.55 37.53 
 295 37.38 37.52 37.53 
 296 37.38 37.67 37.53 
 297 37.35 37.70 37.53 
 298 37.33 37.69 37.53 
 299 37.32 37.71 37.53 
 300 37.29 37.72 37.53 
 301 37.27 37.60 37.53 
 302 37.33 37.63 37.53 
 303 37.30 37.63 37.53 
 304 37.11 37.68 37.53 
 305 37.07 37.72 37.53 
 306 37.15 37.69 37.53 
 307 37.44 37.77 37.53 
 308 37.46 37.80 37.53 
 309 37.32 37.81 37.53 
 310 37.28 37.83 37.53 
 311 37.33 37.77 37.53 
 312 37.01 37.89 37.53 
 313 37.13 37.84 37.53 
 314 37.31 37.88 37.53 
 315 37.22 37.90 37.53 
 316 37.32 37.87 37.53 
 317 37.24 37.65 37.53 
 318 37.26 37.83 37.53 
 319 36.96 37.80 37.53 
 320 37.23 37.73 37.53 
 321 37.16 37.68 37.53 
 322 37.16 37.70 37.53 
 323 37.34 37.64 37.53 
 324 37.35 37.90 37.53 
 325 37.38 37.88 37.53 
 326 37.29 37.75 37.53 
 327 37.35 37.60 37.53 
 328 37.35 37.83 37.53 
 329 37.32 37.57 37.53 
 330 37.29 37.47 37.53 
 331 37.44 37.43 37.53 
 332 37.38 37.62 37.53 
 333 37.32 37.48 37.53 
 334 37.33 37.75 37.53 
 335 37.38 37.33 37.53 
 336 37.29 37.32 37.53 
 337 37.31 37.55 37.53 
 338 37.34 37.53 37.53 
 339 37.35 37.43 37.53 
 340 37.37 37.36 37.53 
 341 37.32 37.36 37.53 
 342 37.34 37.25 37.53 
 343 37.11 37.21 37.53 
 344 36.93 37.34 37.53 
 345 36.85 37.21 37.53 
 346 36.16 36.59 37.53 
 347 36.88 36.88 37.53 
 348 37.01 37.38 37.53 
 349 37.09 37.26 37.53 
 350 37.11 37.12 37.53 
 351 36.90 37.03 37.53 
 352 36.74 36.87 37.53 
 353 37.05 37.14 37.53 
 354 36.78 37.28 37.53 
 355 35.68 37.24 37.53 
 356 36.35 36.81 37.53 
 357 36.45 36.45 37.53 
 358 36.47 36.52 37.53 
 359 36.34 36.32 37.53 
 360 36.67 36.23 37.53 
 361 36.52 36.54 37.53 
 362 36.49 36.55 37.53 
 363 36.77 36.67 37.53 
 364 36.78 37.08 37.53 
 365 36.62 36.81 37.53 
 366 36.85 36.82 37.53 
 367 36.81 36.75 37.53 
 368 36.75 36.83 37.53 
 369 36.99 36.82 37.53 
 370 36.69 36.66 37.53 
 371 36.89 36.90 37.53 
 372 36.88 36.75 37.53 
 373 36.73 36.79 37.53 
 374 36.92 37.03 37.53 
 375 36.84 36.75 37.53 
 376 37.01 36.77 37.53 
 377 36.93 36.83 37.53 
 378 36.97 36.58 37.53 
 379 37.03 37.05 37.53 
 380 37.20 37.34 37.53 
 381 37.00 37.35 37.53 
 382 37.16 37.15 37.53 
 383 37.13 37.28 37.53 
 384 37.12 37.46 37.53 
 385 37.18 37.50 37.53 
 386 37.38 37.28 37.53 
 387 37.32 37.68 37.53 
 388 37.37 37.57 37.53 
 389 37.23 37.61 37.53 
 390 37.28 37.57 37.53 
 391 37.09 37.60 37.53 
 392 37.10 37.61 37.53 
 393 37.36 37.57 37.53 
 394 37.33 37.61 37.53 
 395 37.16 37.57 37.53 
 396 37.14 37.64 37.53 
 397 37.04 37.62 37.53 
 398 36.87 37.62 37.53 
 399 37.13 37.61 37.53 
 400 37.16 37.57 37.53 
 401 37.28 37.74 37.53 
 402 37.42 37.74 37.53 
 403 37.26 37.76 37.53 
 404 37.27 37.64 37.53 
 405 37.32 37.52 37.53 
 406 37.12 37.52 37.53 
 407 37.37 37.63 37.53 
 408 37.21 37.78 37.53 
 409 36.69 37.76 37.53 
 410 37.34 37.62 37.53 
 411 37.40 37.30 37.53 
 412 37.19 37.66 37.53 
 413 37.39 37.68 37.53 
 414 37.18 37.69 37.53 
 415 37.34 37.67 37.53 
 416 37.02 37.59 37.53 
 417 37.33 37.48 37.53 
 418 37.21 37.58 37.53 
 419 37.32 37.36 37.53 
 420 37.27 37.62 37.53 
 421 37.41 37.53 37.53 
 422 37.35 37.56 37.53 
 423 37.31 37.67 37.53 
 424 37.31 37.57 37.53 
 425 37.33 37.46 37.53 
 426 37.27 37.46 37.53 
 427 37.32 37.43 37.53 
 428 37.17 37.53 37.53 
 429 37.39 37.68 37.53 
 430 37.36 37.67 37.53 
 431 37.36 37.78 37.53 
 432 37.39 37.72 37.53 
 433 37.35 37.67 37.53 
 434 37.08 37.65 37.53 
 435 37.40 37.64 37.53 
 436 37.30 37.74 37.53 
 437 37.42 37.52 37.53 
 438 37.32 37.68 37.53 
 439 37.33 37.52 37.53 
 440 37.31 37.57 37.53 
 441 37.17 37.60 37.53 
 442 37.16 37.52 37.53 
 443 37.38 37.46 37.53 
 444 36.66 37.50 37.53 
 445 36.79 37.49 37.53 
 446 37.00 37.62 37.53 
 447 37.20 37.48 37.53 
 448 37.27 37.51 37.53 
 449 37.11 37.59 37.53 
 450 37.06 37.59 37.53 
 451 37.05 37.50 37.53 
 452 36.96 37.47 37.53 
 453 37.09 37.43 37.53 
 454 36.98 37.45 37.53 
 455 37.29 37.57 37.53 
 456 37.18 37.51 37.53 
 457 37.15 37.51 37.53 
 458 37.03 37.57 37.53 
 459 37.06 37.53 37.53 
 460 37.08 37.48 37.53 
 461 37.25 37.41 37.53 
 462 37.27 37.54 37.53 
 463 37.17 37.52 37.53 
 464 37.04 37.63 37.53 
 465 37.26 37.41 37.53 
 466 37.20 37.48 37.53 
 467 37.07 37.51 37.53 
 468 37.35 37.51 37.53 
 469 36.98 37.48 37.53 
 470 37.38 37.47 37.53 
 471 37.14 37.49 37.53 
 472 37.31 37.60 37.53 
 473 37.43 37.55 37.53 
 474 37.28 37.58 37.53 
 475 37.37 37.55 37.53 
 476 37.25 37.43 37.53 
 477 37.34 37.49 37.53 
 478 36.94 37.43 37.53 
 479 37.20 37.39 37.53 
 480 37.37 37.40 37.53 
 481 37.12 37.42 37.53 
 482 36.77 37.37 37.53 
 483 37.08 37.55 37.53 
 484 37.40 37.60 37.53 
 485 37.43 37.55 37.53 
 486 37.47 37.53 37.53 
 487 36.93 37.48 37.53 
 488 37.18 37.51 37.53 
 489 37.00 37.57 37.53 
 490 37.11 37.60 37.53 
 491 37.32 37.48 37.53 
 492 37.40 37.50 37.53 
 493 37.37 37.64 37.53 
 494 37.40 37.61 37.53 
 495 37.48 37.66 37.53 
 496 37.48 37.58 37.53 
 497 37.47 37.53 37.53 
 498 37.18 37.57 37.53 
 499 37.33 37.48 37.53 
 500 37.19 37.55 37.53 
 501 37.32 37.46 37.53 
 502 37.12 37.48 37.53 
 503 37.28 37.73 37.53 
 504 36.99 37.59 37.53 
 505 37.44 37.74 37.53 
 506 37.43 37.67 37.53 
 507 37.34 37.64 37.53 
 508 37.40 37.71 37.53 
 509 37.38 37.62 37.53 
 510 37.29 37.73 37.53 
 511 37.45 37.69 37.53 
 512 37.44 37.64 37.53 
 513 36.78 37.60 37.53 
 514 37.28 37.67 37.53 
 515 37.14 37.65 37.53 
 516 37.07 37.58 37.53 
 517 37.36 37.68 37.53 
 518 37.26 37.60 37.53 
 519 37.39 37.56 37.53 
 520 37.38 37.64 37.53 
 521 37.43 37.66 37.53 
 522 37.23 37.64 37.53 
 523 37.45 37.70 37.53 
 524 37.45 37.66 37.53 
