Iter | Sampling Pol | Evaluation Pol | Best (Sampled) 
   0 -10.74 33.21 -100000000.00 
   1 -10.28 33.29 -10.74 
   2 -9.50 33.33 -10.28 
   3 -10.36 33.27 -9.50 
   4 -10.79 33.29 -9.50 
   5 -9.54 33.30 -9.50 
   6 -10.80 33.33 -9.50 
   7 -10.34 33.49 -9.50 
   8 -10.03 33.43 -9.50 
   9 -8.92 33.44 -9.50 
  10 -9.85 33.47 -8.92 
  11 -9.46 33.48 -8.92 
  12 -9.62 33.52 -8.92 
  13 -10.26 33.37 -8.92 
  14 -9.89  0.60 -8.92 
  15 -9.48 33.34 -8.92 
  16 -10.72 33.05 -8.92 
  17 -9.45 32.62 -8.92 
  18 -9.01 27.27 -8.92 
  19 -9.36  4.81 -8.92 
  20 -8.56 -2.08 -8.92 
  21 -8.46 11.86 -8.56 
  22 -8.06 20.50 -8.46 
  23 -7.60 30.69 -8.06 
  24 -6.27 33.56 -7.60 
  25 -5.53 33.65 -6.27 
  26 -5.42 33.92 -5.53 
  27 -4.04 62.19 -5.42 
  28 -3.71 65.71 -4.04 
  29 -3.62 64.68 -3.71 
  30 -3.17 78.12 -3.62 
  31 -2.12 95.18 -3.17 
  32 -1.41 78.23 -2.12 
  33 -0.98 97.41 -1.41 
  34  0.42 103.01 -0.98 
  35  2.02 80.60  0.42 
  36  3.02 95.93  2.02 
  37  3.60 43.80  3.02 
  38  5.77 36.55  3.60 
  39  7.99 37.21  5.77 
  40  9.69 61.88  7.99 
  41 12.05 83.64  9.69 
  42 14.75 73.09 12.05 
  43 15.58 82.61 14.75 
  44 20.40 77.58 15.58 
  45 25.78 78.89 20.40 
  46 28.63 74.60 25.78 
  47 34.87 71.36 28.63 
  48 38.81 63.53 34.87 
  49 39.90 83.66 38.81 
  50 42.31 63.42 39.90 
  51 43.49 80.63 42.31 
  52 44.07 54.89 43.49 
  53 46.08 71.23 44.07 
  54 50.92 54.92 46.08 
  55 51.59 57.37 50.92 
  56 51.62 63.99 51.59 
  57 53.61 58.92 51.62 
  58 55.39 69.90 53.61 
  59 54.34 68.48 55.39 
  60 56.94 58.68 55.39 
  61 60.07 66.67 56.94 
  62 58.44 58.65 60.07 
  63 60.15 63.99 60.07 
  64 66.13 104.56 60.15 
  65 63.82 77.76 66.13 
  66 64.51 114.83 66.13 
  67 66.87 103.57 66.13 
  68 69.75 153.84 66.87 
  69 72.86 197.85 69.75 
  70 71.87 195.14 72.86 
  71 78.58 184.17 72.86 
  72 84.30 192.94 78.58 
  73 83.39 214.76 84.30 
  74 89.78 233.90 84.30 
  75 87.94 204.35 89.78 
  76 91.21 224.66 89.78 
  77 99.54 269.68 91.21 
  78 95.64 266.71 99.54 
  79 96.52 215.06 99.54 
  80 106.20 248.23 99.54 
  81 104.31 216.11 106.20 
  82 106.79 226.63 106.20 
  83 109.05 257.72 106.79 
  84 114.32 244.15 109.05 
  85 120.53 249.12 114.32 
  86 125.60 294.79 120.53 
  87 129.10 283.10 125.60 
  88 128.18 248.58 129.10 
  89 134.01 431.83 129.10 
  90 132.76 455.23 134.01 
  91 141.11 316.57 134.01 
  92 140.96 452.58 141.11 
  93 155.47 772.64 141.11 
  94 157.79 828.98 155.47 
  95 155.10 699.98 157.79 
  96 160.06 802.31 157.79 
  97 162.92 868.61 160.06 
  98 175.79 792.61 162.92 
  99 179.68 847.84 175.79 
 100 186.34 865.06 179.68 
 101 202.80 800.25 186.34 
 102 217.47 849.87 202.80 
 103 225.18 645.26 217.47 
 104 232.53 667.56 225.18 
 105 264.45 811.12 232.53 
 106 297.43 1064.70 264.45 
 107 333.12 1374.17 297.43 
 108 403.62 1541.53 333.12 
 109 549.32 1769.08 403.62 
 110 663.52 2068.53 549.32 
 111 917.26 2918.06 663.52 
 112 998.89 2636.20 917.26 
 113 1165.58 3100.67 998.89 
 114 1489.36 2947.43 1165.58 
 115 1730.68 3821.27 1489.36 
 116 1721.47 3533.64 1730.68 
 117 1838.75 3729.76 1730.68 
 118 2097.99 3277.07 1838.75 
 119 2268.86 3757.77 2097.99 
 120 2129.31 4162.28 2268.86 
 121 2219.55 3796.37 2268.86 
 122 2665.67 3632.40 2268.86 
 123 2234.86 4198.66 2665.67 
 124 2393.75 3781.57 2665.67 
 125 2682.26 3874.29 2665.67 
 126 2577.68 4151.50 2682.26 
 127 2766.42 3503.56 2682.26 
 128 2802.09 4369.98 2766.42 
 129 2835.55 3252.76 2802.09 
 130 2900.24 4377.38 2835.55 
 131 3195.29 3584.07 2900.24 
 132 3277.91 3876.03 3195.29 
 133 2981.13 3416.19 3277.91 
 134 3189.72 3225.02 3277.91 
 135 3306.34 4169.07 3277.91 
 136 2999.69 4500.46 3306.34 
 137 3142.04 4525.47 3306.34 
 138 3460.96 3970.87 3306.34 
 139 3388.52 3715.71 3460.96 
 140 3406.01 3285.29 3460.96 
 141 3664.56 3884.86 3460.96 
 142 3591.76 4162.02 3664.56 
 143 3449.55 3925.65 3664.56 
 144 3941.56 3883.01 3664.56 
 145 3882.92 3413.04 3941.56 
 146 3520.07 4996.77 3941.56 
 147 3955.82 3799.33 3941.56 
 148 3980.67 4712.41 3955.82 
 149 4076.64 4878.71 3980.67 
 150 3783.72 5064.03 4076.64 
 151 3959.24 4634.95 4076.64 
 152 4034.33 5394.03 4076.64 
 153 4039.00 4749.24 4076.64 
 154 4231.51 3901.64 4076.64 
