Iter | Sampling Pol | Evaluation Pol | Best (Sampled) 
   0 -10.96 23.06 -100000000.00 
   1 -9.91 25.01 -10.96 
   2 -10.61 11.13 -9.91 
   3 -9.87  9.39 -9.91 
   4 -10.04 -5.08 -9.87 
   5 -9.58 -5.20 -9.87 
   6 -8.86 -5.18 -9.58 
   7 -9.37 -5.16 -8.86 
   8 -8.74 -5.06 -8.86 
   9 -8.65 -5.10 -8.74 
  10 -8.84 -4.99 -8.65 
  11 -9.50 -4.93 -8.65 
  12 -9.63 -4.96 -8.65 
  13 -8.73 -4.97 -8.65 
  14 -9.15 -3.34 -8.65 
  15 -8.73 -4.69 -8.65 
  16 -8.15 -4.64 -8.65 
  17 -8.92 -5.32 -8.15 
  18 -7.05 -5.28 -8.15 
  19 -7.26 -5.32 -7.05 
  20 -7.02 -5.60 -7.05 
  21 -7.31 -5.47 -7.02 
  22 -7.40 -5.16 -7.02 
  23 -7.15 -5.16 -7.02 
  24 -7.08 -5.18 -7.02 
  25 -7.07 -5.18 -7.02 
  26 -7.02 -5.19 -7.02 
  27 -7.04 -5.19 -7.02 
  28 -7.47 -5.17 -7.02 
  29 -7.03 -5.37 -7.02 
  30 -7.00 -5.11 -7.02 
  31 -6.88 -5.19 -7.00 
  32 -6.67 -5.09 -6.88 
  33 -7.12 -5.08 -6.67 
  34 -7.40 -5.11 -6.67 
  35 -6.60 -5.12 -6.67 
  36 -6.49 -5.12 -6.60 
  37 -6.79 -4.85 -6.49 
  38 -7.75 -4.94 -6.49 
  39 -7.18 -4.89 -6.49 
  40 -7.74 -4.83 -6.49 
  41 -6.60 -4.93 -6.49 
  42 -6.97 -4.99 -6.49 
  43 -7.17 -4.88 -6.49 
  44 -7.09 -4.85 -6.49 
  45 -6.29 -4.96 -6.49 
  46 -6.31 -4.89 -6.29 
  47 -6.56 -4.92 -6.29 
  48 -6.83 -4.92 -6.29 
  49 -7.02 -5.02 -6.29 
  50 -6.07 -4.99 -6.29 
  51 -5.97 -4.98 -6.07 
  52 -5.98 -4.83 -5.97 
  53 -5.93 -4.78 -5.97 
  54 -6.24 -4.71 -5.93 
  55 -6.19 -4.80 -5.93 
  56 -6.08 -4.74 -5.93 
  57 -5.33 -4.72 -5.93 
  58 -5.99 -4.60 -5.33 
  59 -5.17 -4.61 -5.33 
  60 -5.62 -4.38 -5.17 
  61 -5.76 -4.30 -5.17 
  62 -5.68 -4.28 -5.17 
  63 -5.13 -4.29 -5.17 
  64 -4.90 -4.07 -5.13 
  65 -4.83 -3.93 -4.90 
  66 -5.03 -3.91 -4.83 
  67 -4.74  8.28 -4.83 
  68 -4.71 16.76 -4.74 
  69 -4.66 31.78 -4.71 
  70 -3.82 32.15 -4.66 
  71 -4.08 32.57 -3.82 
  72 -3.94 32.64 -3.82 
  73 -3.58 44.32 -3.82 
  74 -2.99 39.75 -3.58 
  75 -3.04 67.47 -2.99 
  76 -2.47 36.28 -2.99 
  77 -1.21 62.24 -2.47 
  78 -0.31 78.24 -1.21 
  79 -0.05 43.19 -0.31 
  80  0.47 37.40 -0.05 
  81  1.83 41.19  0.47 
  82  3.26 55.57  1.83 
  83  3.88 41.07  3.26 
  84  4.67 50.25  3.88 
  85  6.04 51.04  4.67 
  86  4.34 42.77  6.04 
  87  8.22 43.87  6.04 
  88  8.97 43.72  8.22 
  89  9.28 46.67  8.97 
  90 10.00 39.00  9.28 
  91 11.03 39.59 10.00 
  92 13.31 37.33 11.03 
  93 17.38 34.27 13.31 
  94 16.28 39.07 17.38 
  95 17.22 36.93 17.38 
  96 20.44 35.13 17.38 
  97 20.65 39.53 20.44 
  98 18.39 39.66 20.65 
  99 18.37 36.31 20.65 
 100 24.35 50.72 20.65 
 101 22.40 56.37 24.35 
 102 24.71 36.61 24.35 
 103 25.71 39.03 24.71 
 104 28.45 41.34 25.71 
 105 28.65 38.83 28.45 
 106 30.66 38.88 28.65 
 107 29.72 48.77 30.66 
 108 36.65 38.27 30.66 
 109 29.34 62.16 36.65 
 110 33.51 42.49 36.65 
 111 32.44 52.74 36.65 
 112 36.65 34.43 36.65 
 113 36.90 50.39 36.65 
 114 43.28 49.32 36.90 
 115 42.26 66.18 43.28 
 116 45.09 50.36 43.28 
 117 44.84 46.09 45.09 
 118 48.31 53.66 45.09 
 119 50.50 72.33 48.31 
 120 53.82 63.59 50.50 
 121 52.03 66.92 53.82 
 122 56.69 75.40 53.82 
 123 56.25 64.16 56.69 
 124 53.25 74.01 56.69 
 125 55.25 78.40 56.69 
 126 51.73 65.05 56.69 
 127 65.13 71.81 56.69 
 128 63.27 77.25 65.13 
 129 64.83 76.77 65.13 
 130 68.62 93.17 65.13 
 131 67.67 68.03 68.62 
 132 74.58 115.25 68.62 
 133 75.48 76.23 74.58 
 134 73.54 119.18 75.48 
 135 72.44 63.13 75.48 
 136 70.98 96.21 75.48 
 137 80.54 75.84 75.48 
 138 72.95 120.55 80.54 
 139 74.47 83.06 80.54 
 140 92.24 139.03 80.54 
 141 82.62 61.96 92.24 
 142 90.21 121.14 92.24 
 143 90.43 78.63 92.24 
 144 79.34 132.47 92.24 
 145 92.13 82.44 92.24 
 146 91.85 122.62 92.24 
 147 86.07 76.12 92.24 
 148 96.91 96.29 92.24 
 149 91.46 95.66 96.91 
 150 87.93 87.84 96.91 
 151 92.96 85.48 96.91 
 152 95.16 88.04 96.91 
 153 91.95 101.39 96.91 
 154 93.85 102.56 96.91 
 155 100.10 105.41 96.91 
 156 95.59 79.86 100.10 
 157 94.22 88.70 100.10 
 158 93.76 100.90 100.10 
 159 101.18 100.23 100.10 
 160 102.64 99.57 101.18 
 161 104.57 89.66 102.64 
 162 96.02 98.35 104.57 
 163 103.25 101.90 104.57 
 164 96.27 95.49 104.57 
 165 106.41 99.26 104.57 
 166 100.24 86.11 106.41 
 167 103.69 100.19 106.41 
 168 94.56 93.31 106.41 
 169 103.58 102.17 106.41 
 170 100.69 93.39 106.41 
 171 101.77 102.39 106.41 
 172 100.57 107.42 106.41 
 173 98.22 99.22 106.41 
 174 93.51 89.73 106.41 
 175 108.05 100.24 106.41 
 176 109.57 112.03 108.05 
 177 103.93 109.84 109.57 
 178 112.15 107.92 109.57 
 179 111.13 104.12 112.15 
 180 99.13 99.30 112.15 
 181 111.77 95.86 112.15 
 182 101.31 97.02 112.15 
 183 114.27 91.36 112.15 
 184 98.24 101.44 114.27 
 185 113.08 87.08 114.27 
 186 116.21 96.77 114.27 
 187 108.42 104.80 116.21 
 188 104.92 91.82 116.21 
 189 112.45 86.98 116.21 
 190 104.34 93.64 116.21 
 191 117.82 102.52 116.21 
 192 111.93 93.65 117.82 
 193 114.85 96.58 117.82 
 194 106.61 87.87 117.82 
 195 108.55 82.32 117.82 
 196 108.11 94.51 117.82 
 197 111.43 101.26 117.82 
 198 114.80 97.97 117.82 
 199 115.64 111.83 117.82 
 200 113.76 103.23 117.82 
 201 116.76 92.65 117.82 
 202 115.21 92.75 117.82 
 203 120.29 107.28 117.82 
 204 118.14 97.95 120.29 
 205 115.46 96.34 120.29 
 206 106.37 105.20 120.29 
 207 113.89 121.56 120.29 
 208 110.31 97.13 120.29 
 209 120.26 122.42 120.29 
 210 114.10 104.44 120.29 
 211 112.79 115.12 120.29 
 212 112.58 90.55 120.29 
 213 115.27 100.18 120.29 
 214 123.69 92.64 120.29 
 215 115.57 93.58 123.69 
 216 119.65 109.04 123.69 
 217 120.68 97.48 123.69 
 218 119.40 123.59 123.69 
 219 116.17 103.14 123.69 
 220 125.62 89.40 123.69 
 221 118.90 103.48 125.62 
 222 124.43 103.52 125.62 
 223 121.42 99.47 125.62 
 224 123.10 101.02 125.62 
 225 124.49 101.77 125.62 
 226 124.37 104.39 125.62 
 227 115.99 98.76 125.62 
 228 125.58 106.67 125.62 
 229 122.40 95.16 125.62 
 230 122.55 99.64 125.62 
 231 126.00 102.91 125.62 
 232 124.11 100.69 126.00 
 233 128.92 96.46 126.00 
 234 124.43 108.10 128.92 
 235 129.78 109.14 128.92 
 236 127.61 100.83 129.78 
 237 127.27 105.15 129.78 
 238 125.81 106.23 129.78 
 239 131.16 100.95 129.78 
 240 123.73 103.99 131.16 
 241 130.25 99.15 131.16 
 242 125.40 103.99 131.16 
 243 127.59 101.37 131.16 
 244 129.98 106.82 131.16 
 245 125.69 99.80 131.16 
 246 122.06 106.26 131.16 
 247 133.73 93.80 131.16 
 248 132.54 105.80 133.73 
 249 133.47 89.77 133.73 
 250 127.21 109.58 133.73 
 251 131.79 104.85 133.73 
 252 131.09 107.74 133.73 
 253 132.19 102.41 133.73 
 254 136.09 113.43 133.73 
 255 134.00 114.15 136.09 
 256 135.85 115.14 136.09 
 257 132.85 110.20 136.09 
 258 131.82 110.58 136.09 
 259 128.97 116.31 136.09 
 260 127.41 104.62 136.09 
 261 136.06 115.66 136.09 
 262 136.95 112.26 136.09 
 263 138.02 106.35 136.95 
 264 135.12 95.20 138.02 
 265 127.35 115.89 138.02 
 266 138.74 105.86 138.02 
 267 139.32 109.50 138.74 
 268 130.17 88.93 139.32 
 269 136.99 109.97 139.32 
 270 137.62 115.77 139.32 
 271 137.58 120.09 139.32 
 272 129.90 118.58 139.32 
 273 140.26 120.65 139.32 
 274 136.12 119.65 140.26 
 275 133.98 107.87 140.26 
 276 140.85 119.42 140.26 
 277 141.45 119.28 140.85 
 278 135.70 125.46 141.45 
 279 135.18 122.25 141.45 
 280 151.61 120.36 141.45 
 281 139.35 126.74 151.61 
 282 138.14 124.31 151.61 
 283 138.03 118.91 151.61 
 284 139.71 129.96 151.61 
 285 142.86 128.14 151.61 
 286 140.33 127.43 151.61 
 287 142.03 123.97 151.61 
 288 146.71 130.05 151.61 
 289 136.33 127.58 151.61 
 290 135.71 158.31 151.61 
 291 149.81 183.70 151.61 
 292 137.44 192.99 151.61 
 293 138.76 171.36 151.61 
 294 144.91 168.66 151.61 
 295 152.02 213.96 151.61 
 296 149.97 327.08 152.02 
 297 160.36 324.14 152.02 
 298 160.69 297.81 160.36 
 299 154.74 294.86 160.69 
 300 176.33 305.34 160.69 
 301 191.02 461.56 176.33 
 302 197.21 719.08 191.02 
 303 189.39 966.59 197.21 
 304 205.41 895.86 197.21 
 305 210.77 1144.98 205.41 
 306 203.49 1375.06 210.77 
 307 251.15 1586.69 210.77 
 308 269.96 1714.24 251.15 
 309 312.45 1707.54 269.96 
 310 439.22 2080.07 312.45 
 311 319.93 2085.26 439.22 
 312 466.15 1955.03 439.22 
 313 375.19 2447.49 466.15 
 314 420.76 2437.53 466.15 
 315 551.23 2257.54 466.15 
 316 516.40 2174.24 551.23 
 317 522.41 2063.52 551.23 
 318 535.10 2018.36 551.23 
 319 558.06 2442.62 551.23 
 320 704.44 1950.19 558.06 
 321 713.20 2082.78 704.44 
 322 775.69 2088.95 713.20 
 323 763.96 1959.56 775.69 
 324 771.55 2127.70 775.69 
 325 923.81 1790.70 775.69 
 326 849.02 2175.50 923.81 
 327 822.80 1353.96 923.81 
 328 786.77 2212.70 923.81 
 329 924.31 1633.49 923.81 
 330 763.21 1980.43 924.31 
 331 1130.61 1972.89 924.31 
 332 1107.27 2505.70 1130.61 
 333 995.40 1736.89 1130.61 
 334 912.47 2733.51 1130.61 
 335 1001.85 2820.86 1130.61 
 336 900.28 1659.15 1130.61 
 337 1041.44 1985.06 1130.61 
 338 1103.09 3287.07 1130.61 
 339 1001.83 2279.66 1130.61 
 340 1068.65 2137.75 1130.61 
 341 1015.40 1565.98 1130.61 
 342 923.91 1704.61 1130.61 
 343 1118.53 1328.21 1130.61 
 344 963.72 1550.98 1130.61 
 345 986.54 3230.29 1130.61 
 346 954.02 1568.62 1130.61 
 347 983.80 1767.04 1130.61 
 348 1170.14 1985.81 1130.61 
 349 1173.59 2539.48 1170.14 
 350 1356.36 1863.91 1173.59 
 351 1259.50 2165.77 1356.36 
 352 1217.41 1948.02 1356.36 
 353 1216.80 1491.94 1356.36 
 354 1326.35 2571.81 1356.36 
 355 1332.29 2505.66 1356.36 
 356 1316.32 2052.51 1356.36 
 357 1407.82 2372.93 1356.36 
 358 1472.86 2505.75 1407.82 
 359 1394.81 2597.79 1472.86 
 360 1628.07 2238.21 1472.86 
 361 1626.58 2648.40 1628.07 
 362 1459.55 2231.79 1628.07 
 363 1695.22 2738.75 1628.07 
 364 1512.18 2706.67 1695.22 
 365 1681.33 1939.74 1695.22 
 366 1489.96 2213.48 1695.22 
 367 1698.44 2598.37 1695.22 
 368 1698.98 1976.19 1698.44 
 369 1801.13 2019.55 1698.98 
 370 1723.61 2483.36 1801.13 
 371 1986.16 2793.84 1801.13 
 372 1907.45 2542.94 1986.16 
 373 1834.66 2768.56 1986.16 
 374 2119.50 2631.38 1986.16 
 375 2100.36 2172.47 2119.50 
 376 1957.34 2756.38 2119.50 
 377 2154.05 2814.87 2119.50 
 378 2171.31 2377.28 2154.05 
 379 2035.31 2185.57 2171.31 
 380 2109.24 2955.45 2171.31 
 381 2192.80 2273.28 2171.31 
 382 2208.20 2347.11 2192.80 
 383 2216.66 2447.77 2208.20 
 384 2036.40 2654.14 2216.66 
 385 2266.97 2430.87 2216.66 
 386 2114.47 2441.56 2266.97 
 387 2340.56 2582.74 2266.97 
 388 2090.94 2339.47 2340.56 
 389 2191.50 2223.43 2340.56 
 390 2148.90 2434.74 2340.56 
 391 2111.31 2027.69 2340.56 
 392 2179.72 2189.99 2340.56 
 393 2259.73 2702.21 2340.56 
 394 2237.81 2683.81 2340.56 
 395 2210.56 2131.77 2340.56 
 396 2226.34 2987.47 2340.56 
 397 2153.79 3005.47 2340.56 
 398 2133.91 2107.50 2340.56 
 399 2160.12 2229.17 2340.56 
 400 1902.27 2348.21 2340.56 
 401 2158.27 2401.10 2340.56 
 402 2236.97 3018.32 2340.56 
 403 2288.59 2211.23 2340.56 
 404 2185.71 2285.32 2340.56 
 405 2218.25 2267.59 2340.56 
 406 2151.42 2415.22 2340.56 
 407 2546.11 2618.25 2340.56 
 408 2368.98 2253.19 2546.11 
 409 2513.71 2368.33 2546.11 
 410 2426.44 2582.51 2546.11 
 411 2413.96 2716.63 2546.11 
 412 2424.50 2214.67 2546.11 
 413 2412.63 2491.32 2546.11 
 414 2396.74 3036.93 2546.11 
 415 2638.21 2834.78 2546.11 
 416 2540.90 3045.15 2638.21 
 417 2616.72 2562.96 2638.21 
 418 2447.86 3141.39 2638.21 
 419 2284.18 2449.14 2638.21 
 420 2501.84 2268.05 2638.21 
 421 2451.84 2624.14 2638.21 
 422 2493.96 2725.06 2638.21 
 423 2474.07 2752.17 2638.21 
 424 2430.99 2529.65 2638.21 
 425 2483.41 2976.00 2638.21 
 426 2443.48 2539.92 2638.21 
 427 2503.93 2399.44 2638.21 
 428 2517.99 2709.99 2638.21 
 429 2507.24 3916.23 2638.21 
 430 2374.10 3109.17 2638.21 
 431 2323.04 2495.59 2638.21 
 432 2288.77 2787.88 2638.21 
 433 2564.51 2910.54 2638.21 
 434 2502.46 2522.26 2638.21 
 435 2317.58 3124.74 2638.21 
 436 2729.25 2399.89 2638.21 
 437 2662.76 3586.84 2729.25 
 438 2559.69 2989.35 2729.25 
 439 2719.45 3076.95 2729.25 
 440 2770.28 2779.06 2729.25 
 441 2749.33 2551.66 2770.28 
 442 2861.88 2877.54 2770.28 
 443 2659.93 3346.05 2861.88 
 444 2753.43 2715.46 2861.88 
 445 2829.16 2883.98 2861.88 
 446 2686.84 2381.31 2861.88 
 447 2726.03 2602.45 2861.88 
 448 2590.31 2386.55 2861.88 
 449 2634.56 2587.64 2861.88 
 450 2735.50 2480.84 2861.88 
 451 2626.33 3442.97 2861.88 
 452 2834.57 3491.85 2861.88 
 453 2761.59 2898.45 2861.88 
 454 2904.57 2593.74 2861.88 
 455 2651.60 3193.48 2904.57 
 456 2863.68 3290.88 2904.57 
 457 2864.39 3150.12 2904.57 
 458 2775.98 2666.19 2904.57 
 459 2870.14 2662.21 2904.57 
 460 2785.18 3214.50 2904.57 
 461 2626.62 3058.11 2904.57 
 462 2699.45 2618.58 2904.57 
 463 2805.61 2779.02 2904.57 
 464 2791.05 3027.90 2904.57 
 465 2808.62 2870.77 2904.57 
 466 2822.08 2893.30 2904.57 
 467 2656.28 2496.31 2904.57 
 468 2774.39 3263.66 2904.57 
 469 3064.24 4007.94 2904.57 
 470 2896.80 3672.51 3064.24 
 471 2683.50 3616.69 3064.24 
 472 2870.92 3067.67 3064.24 
 473 2708.89 3175.29 3064.24 
 474 2854.18 2607.48 3064.24 
 475 2848.37 3130.56 3064.24 
 476 2860.61 3360.19 3064.24 
 477 2901.44 2455.39 3064.24 
 478 2818.14 3291.81 3064.24 
 479 2705.77 2702.53 3064.24 
 480 2737.51 2627.96 3064.24 
 481 2841.92 3419.39 3064.24 
 482 3021.46 3280.96 3064.24 
 483 3021.18 2743.47 3064.24 
 484 2686.96 2629.34 3064.24 
 485 2921.32 3332.20 3064.24 
 486 3099.78 3091.39 3064.24 
 487 3095.91 2964.26 3099.78 
 488 2851.43 3702.70 3099.78 
 489 2976.94 3095.39 3099.78 
 490 2844.26 3066.87 3099.78 
 491 2809.76 3535.08 3099.78 
 492 2762.77 3200.14 3099.78 
 493 3002.56 3036.22 3099.78 
 494 2827.26 2705.72 3099.78 
 495 2940.07 3006.14 3099.78 
 496 2910.55 2688.99 3099.78 
 497 3229.75 3540.43 3099.78 
 498 2971.58 3246.17 3229.75 
 499 2846.12 2472.06 3229.75 
 500 2993.86 3748.17 3229.75 
 501 3005.36 3077.01 3229.75 
 502 3047.56 3069.12 3229.75 
 503 3029.77 3252.23 3229.75 
 504 3070.89 2692.16 3229.75 
 505 2906.34 3894.29 3229.75 
 506 3086.62 3262.04 3229.75 
 507 3236.40 3345.80 3229.75 
 508 3161.24 3342.30 3236.40 
 509 3188.42 2994.77 3236.40 
 510 3161.98 3425.29 3236.40 
 511 2914.28 2818.69 3236.40 
 512 2983.96 2948.89 3236.40 
 513 2997.64 3354.32 3236.40 
 514 2937.26 2933.36 3236.40 
 515 2873.78 2880.25 3236.40 
 516 2956.65 2652.19 3236.40 
 517 3322.96 2561.36 3236.40 
 518 3116.51 3162.49 3322.96 
 519 3037.16 3447.58 3322.96 
 520 2999.74 3007.74 3322.96 
 521 2861.79 3006.09 3322.96 
 522 3251.54 3289.85 3322.96 
 523 2909.03 3198.22 3322.96 
 524 3226.86 3107.13 3322.96 
 525 2860.43 3307.61 3322.96 
 526 2957.10 3635.77 3322.96 
 527 3032.91 3113.70 3322.96 
 528 3017.85 2739.69 3322.96 
 529 3209.25 3261.20 3322.96 
 530 3188.50 2915.22 3322.96 
 531 3033.53 2745.19 3322.96 
 532 3066.87 3131.54 3322.96 
 533 2910.06 2688.48 3322.96 
 534 3175.55 2926.39 3322.96 
 535 3190.27 3234.22 3322.96 
 536 2994.90 2956.02 3322.96 
 537 3053.18 2782.62 3322.96 
 538 3176.69 2767.17 3322.96 
 539 3236.80 2524.82 3322.96 
 540 3129.23 3455.63 3322.96 
 541 3417.00 3085.48 3322.96 
 542 3320.07 3696.48 3417.00 
 543 2979.15 3403.65 3417.00 
 544 3049.45 3164.51 3417.00 
 545 3323.43 2985.26 3417.00 
 546 3125.46 2758.06 3417.00 
 547 3349.91 3568.26 3417.00 
 548 3190.93 3704.55 3417.00 
 549 3329.73 3500.21 3417.00 
 550 3402.90 3418.97 3417.00 
 551 3087.04 2986.24 3417.00 
 552 3297.89 2610.43 3417.00 
 553 3351.53 3668.72 3417.00 
 554 3141.18 3646.47 3417.00 
 555 3114.16 3189.57 3417.00 
 556 3198.11 3102.44 3417.00 
 557 3317.15 3284.25 3417.00 
 558 3256.50 3165.77 3417.00 
 559 3273.76 2802.66 3417.00 
 560 3035.37 3806.55 3417.00 
 561 3189.54 2983.11 3417.00 
 562 3304.12 3264.03 3417.00 
 563 3406.05 3717.72 3417.00 
 564 3290.01 3479.69 3417.00 
 565 3323.58 2875.57 3417.00 
 566 3209.83 3093.75 3417.00 
 567 3287.98 3998.74 3417.00 
 568 3280.78 2637.83 3417.00 
 569 3166.27 3304.84 3417.00 
 570 2990.13 3330.53 3417.00 
 571 3307.67 4099.21 3417.00 
 572 3251.53 3396.28 3417.00 
 573 3300.65 4002.64 3417.00 
 574 3089.19 3657.53 3417.00 
 575 3455.54 3184.17 3417.00 
 576 3366.96 4156.80 3455.54 
 577 3095.67 2997.42 3455.54 
 578 3156.20 2735.90 3455.54 
 579 3272.85 3210.48 3455.54 
 580 3143.86 3073.88 3455.54 
 581 3207.04 3051.07 3455.54 
 582 3209.30 3122.22 3455.54 
 583 3339.25 2877.59 3455.54 
 584 3243.44 3908.32 3455.54 
 585 3195.38 2848.54 3455.54 
 586 3433.11 3248.07 3455.54 
 587 3479.29 3319.15 3455.54 
 588 3510.99 2730.15 3479.29 
 589 3452.46 3065.77 3510.99 
 590 3452.28 3102.74 3510.99 
 591 3575.87 3747.99 3510.99 
 592 3278.52 3649.14 3575.87 
 593 3383.09 3529.57 3575.87 
 594 3516.85 4282.71 3575.87 
 595 3466.32 3229.45 3575.87 
 596 3442.88 3319.68 3575.87 
 597 3507.01 3081.15 3575.87 
 598 3572.54 3773.95 3575.87 
 599 3488.00 4399.30 3575.87 
 600 3742.85 3385.71 3575.87 
 601 3492.09 3305.69 3742.85 
 602 3631.10 3358.65 3742.85 
 603 3521.29 3675.63 3742.85 
 604 3754.65 3743.63 3742.85 
 605 3446.25 3918.04 3754.65 
 606 3695.52 3914.12 3754.65 
 607 4033.88 4049.50 3754.65 
 608 3553.06 3466.65 4033.88 
 609 3796.47 3515.01 4033.88 
 610 3594.04 4045.62 4033.88 
 611 3725.51 3862.88 4033.88 
 612 3601.93 3612.02 4033.88 
 613 3710.79 2894.42 4033.88 
 614 3820.61 3316.26 4033.88 
 615 3624.28 3660.75 4033.88 
 616 3667.54 3641.30 4033.88 
 617 3881.06 3850.17 4033.88 
 618 3975.13 4157.00 4033.88 
 619 3448.87 4837.67 4033.88 
 620 3815.77 4067.39 4033.88 
 621 3807.13 3896.99 4033.88 
 622 3881.25 4708.83 4033.88 
 623 3721.90 3541.32 4033.88 
 624 3875.38 3153.43 4033.88 
 625 4027.62 4659.82 4033.88 
 626 3793.98 4065.60 4033.88 
 627 3848.55 4310.91 4033.88 
 628 3607.14 3651.62 4033.88 
 629 3959.06 3259.82 4033.88 
 630 3911.97 3507.35 4033.88 
 631 3573.63 3668.69 4033.88 
 632 3832.77 4237.68 4033.88 
 633 4346.63 3094.33 4033.88 
 634 4045.69 3758.86 4346.63 
 635 4286.98 4426.27 4346.63 
 636 3949.40 3978.31 4346.63 
 637 4167.46 4421.98 4346.63 
 638 4026.31 3873.23 4346.63 
 639 4017.25 3993.22 4346.63 
 640 4016.79 5098.12 4346.63 
 641 3918.37 4906.88 4346.63 
 642 4073.40 3087.11 4346.63 
 643 4432.05 3949.30 4346.63 
 644 4072.26 4497.12 4432.05 
 645 3813.04 3565.71 4432.05 
 646 3840.20 4699.95 4432.05 
 647 4293.54 4191.80 4432.05 
 648 4203.54 3951.08 4432.05 
 649 4141.31 4492.59 4432.05 
 650 4157.80 4453.47 4432.05 
 651 4555.57 5100.82 4432.05 
 652 4177.22 4782.31 4555.57 
 653 4658.74 4072.08 4555.57 
 654 4265.35 6014.93 4658.74 
 655 4411.59 3708.18 4658.74 
 656 4208.87 3437.92 4658.74 
 657 4419.58 4098.50 4658.74 
 658 4322.78 3831.87 4658.74 
 659 4405.30 4622.50 4658.74 
 660 4617.13 4198.05 4658.74 
 661 4189.53 4832.85 4658.74 
 662 4656.95 4878.63 4658.74 
 663 4555.27 4925.42 4658.74 
 664 4293.69 4226.19 4658.74 
 665 4635.31 5682.14 4658.74 
 666 4410.19 4884.97 4658.74 
 667 4451.13 4909.90 4658.74 
 668 4295.09 5473.69 4658.74 
 669 4508.58 4371.46 4658.74 
 670 4582.84 4713.24 4658.74 
 671 4613.64 4133.24 4658.74 
 672 4794.11 3716.63 4658.74 
 673 4521.33 4722.20 4794.11 
 674 4553.61 4390.89 4794.11 
 675 4380.66 5889.79 4794.11 
 676 4642.28 5890.94 4794.11 
 677 4821.04 4954.11 4794.11 
 678 4908.03 4476.61 4821.04 
 679 4922.58 4884.52 4908.03 
 680 4687.15 4074.63 4922.58 
 681 5310.88 3778.25 4922.58 
 682 4281.43 4114.65 5310.88 
 683 4739.87 4487.40 5310.88 
 684 4522.10 4428.27 5310.88 
 685 4509.84 6645.27 5310.88 
 686 4470.46 6231.35 5310.88 
 687 4866.21 4272.07 5310.88 
 688 4628.48 4567.42 5310.88 
 689 4801.13 5271.42 5310.88 
 690 4725.44 5166.75 5310.88 
 691 4866.72 4056.26 5310.88 
 692 5090.67 4572.90 5310.88 
 693 5136.72 5374.79 5310.88 
 694 4843.28 4911.93 5310.88 
 695 4762.18 5581.96 5310.88 
 696 4864.24 5184.71 5310.88 
 697 4879.04 5099.94 5310.88 
 698 5045.76 4450.97 5310.88 
 699 4585.77 4637.62 5310.88 
 700 5023.03 4510.28 5310.88 
 701 5196.57 4598.30 5310.88 
 702 4916.07 5677.60 5310.88 
 703 5345.48 3993.52 5310.88 
 704 4896.69 4778.65 5345.48 
 705 4957.25 5123.04 5345.48 
 706 5137.15 4159.87 5345.48 
 707 4933.96 5293.80 5345.48 
 708 5107.12 5549.06 5345.48 
 709 5169.89 4609.34 5345.48 
 710 4778.08 4943.62 5345.48 
 711 5453.05 5084.11 5345.48 
 712 5299.75 4041.92 5453.05 
 713 4959.28 5150.29 5453.05 
 714 5231.21 5504.37 5453.05 
 715 5050.21 4678.78 5453.05 
 716 5140.74 4706.32 5453.05 
 717 5107.03 4523.56 5453.05 
 718 5046.23 5489.82 5453.05 
 719 5204.37 5086.92 5453.05 
 720 5015.01 4512.01 5453.05 
 721 5134.34 5175.31 5453.05 
 722 4514.74 5063.48 5453.05 
 723 5142.08 3975.27 5453.05 
 724 4856.77 5897.75 5453.05 
 725 4964.79 5880.55 5453.05 
 726 5612.83 5490.18 5453.05 
 727 5618.22 6298.05 5612.83 
 728 5285.62 4101.59 5618.22 
 729 5218.86 5322.86 5618.22 
 730 5411.30 5776.68 5618.22 
 731 5224.70 6820.84 5618.22 
 732 5271.26 6439.75 5618.22 
 733 5255.90 5901.72 5618.22 
 734 5422.50 5768.19 5618.22 
 735 5559.49 5693.80 5618.22 
 736 5398.16 4570.07 5618.22 
 737 5850.38 4745.56 5618.22 
 738 5453.43 6690.32 5850.38 
 739 5348.63 6619.79 5850.38 
 740 5159.87 6273.07 5850.38 
 741 5437.93 6889.40 5850.38 
 742 5650.58 6318.03 5850.38 
 743 5916.60 8607.47 5850.38 
 744 5697.11 5258.52 5916.60 
 745 5202.47 6476.29 5916.60 
 746 6189.80 6258.09 5916.60 
 747 5639.14 6287.32 6189.80 
 748 5412.16 5197.11 6189.80 
 749 5576.74 6188.66 6189.80 
 750 5607.95 6964.31 6189.80 
 751 5697.97 5956.11 6189.80 
 752 5678.75 6592.13 6189.80 
 753 5910.97 4666.99 6189.80 
 754 5659.97 4036.40 6189.80 
 755 5585.77 4468.16 6189.80 
 756 5796.79 6301.62 6189.80 
 757 5764.70 6972.69 6189.80 
 758 5792.65 5579.84 6189.80 
 759 5687.02 6988.64 6189.80 
 760 6012.46 5786.33 6189.80 
 761 5995.52 5954.19 6189.80 
 762 5816.09 4913.42 6189.80 
 763 5983.67 5524.84 6189.80 
 764 6190.63 6786.71 6189.80 
 765 6007.00 7085.93 6190.63 
 766 6069.46 4344.03 6190.63 
 767 6232.58 7049.10 6190.63 
 768 6051.51 6034.07 6232.58 
 769 6269.41 6732.39 6232.58 
 770 6184.07 5764.30 6269.41 
 771 5905.02 8147.39 6269.41 
 772 5810.32 5439.11 6269.41 
 773 6098.31 5593.41 6269.41 
 774 6187.30 5928.30 6269.41 
 775 5987.57 5793.62 6269.41 
 776 6107.74 7033.99 6269.41 
 777 6306.56 5416.58 6269.41 
 778 6235.86 6304.80 6306.56 
 779 6544.61 5937.71 6306.56 
 780 6184.38 6215.82 6544.61 
 781 6166.08 7492.43 6544.61 
 782 6544.84 6568.75 6544.61 
 783 5951.97 7512.31 6544.84 
 784 6371.54 7593.49 6544.84 
 785 6021.56 7635.22 6544.84 
 786 6314.85 6059.61 6544.84 
 787 6020.47 5577.17 6544.84 
 788 5695.59 6547.38 6544.84 
 789 5814.38 7297.65 6544.84 
 790 5866.88 7398.82 6544.84 
 791 6230.40 6447.29 6544.84 
 792 5921.74 6736.72 6544.84 
 793 6395.45 6694.78 6544.84 
 794 6161.52 7249.03 6544.84 
 795 6101.81 7624.54 6544.84 
 796 6287.69 7258.65 6544.84 
 797 6101.51 6166.69 6544.84 
 798 6317.53 5727.13 6544.84 
 799 6000.35 5644.22 6544.84 
 800 6085.35 6290.57 6544.84 
 801 6093.32 6670.62 6544.84 
 802 6352.18 8943.77 6544.84 
 803 6152.79 6179.29 6544.84 
 804 6496.96 6216.46 6544.84 
 805 6385.25 7610.17 6544.84 
 806 6151.91 7234.40 6544.84 
 807 6373.89 6026.48 6544.84 
 808 6612.70 7147.75 6544.84 
 809 6705.75 6114.55 6612.70 
 810 6477.21 5730.48 6705.75 
 811 6445.16 6927.32 6705.75 
 812 6126.06 7713.56 6705.75 
 813 6465.78 5841.82 6705.75 
 814 6292.16 7509.86 6705.75 
 815 5909.40 7268.61 6705.75 
 816 7114.70 7162.00 6705.75 
 817 6617.36 6241.04 7114.70 
 818 6488.43 6722.61 7114.70 
 819 6840.67 5651.78 7114.70 
 820 6712.13 6552.33 7114.70 
 821 6251.68 6763.81 7114.70 
 822 6163.87 6796.73 7114.70 
 823 6604.18 6874.17 7114.70 
 824 7431.69 6423.99 7114.70 
 825 6264.23 8866.55 7431.69 
 826 6685.82 7569.74 7431.69 
 827 6329.28 6131.68 7431.69 
 828 6453.05 6244.54 7431.69 
 829 6231.24 7086.40 7431.69 
 830 6971.07 6998.42 7431.69 
 831 6594.83 8604.43 7431.69 
 832 6777.73 6837.48 7431.69 
 833 6141.14 7694.77 7431.69 
 834 6625.19 5369.06 7431.69 
 835 6345.54 6029.18 7431.69 
 836 6651.60 7718.79 7431.69 
 837 6996.63 7809.20 7431.69 
 838 6747.88 6844.62 7431.69 
 839 6702.24 8692.90 7431.69 
 840 7123.97 6602.83 7431.69 
 841 6701.45 7299.57 7431.69 
 842 7239.26 8256.69 7431.69 
 843 6376.11 6743.99 7431.69 
 844 6248.66 6057.65 7431.69 
 845 6502.08 7171.14 7431.69 
 846 7162.79 6803.10 7431.69 
 847 6650.24 7201.30 7431.69 
 848 6806.75 6106.45 7431.69 
 849 7270.50 6111.25 7431.69 
 850 7242.23 7508.45 7431.69 
 851 6755.26 6962.51 7431.69 
 852 6894.57 7872.04 7431.69 
 853 6850.12 7259.39 7431.69 
 854 6809.24 7627.55 7431.69 
 855 7465.26 6704.02 7431.69 
 856 6775.75 7982.60 7465.26 
 857 7234.56 8021.68 7465.26 
 858 7122.27 7388.22 7465.26 
 859 7301.13 8047.33 7465.26 
 860 7051.58 8325.64 7465.26 
 861 7634.76 8857.65 7465.26 
 862 6962.91 10300.52 7634.76 
 863 6319.80 8936.55 7634.76 
 864 6216.55 5720.44 7634.76 
 865 7347.07 7736.37 7634.76 
 866 6797.93 7431.26 7634.76 
 867 6304.49 8700.09 7634.76 
 868 6830.24 10033.24 7634.76 
 869 6791.08 6441.17 7634.76 
 870 6810.34 7262.14 7634.76 
 871 7203.22 7357.41 7634.76 
 872 7340.85 7065.00 7634.76 
 873 6701.92 7160.13 7634.76 
 874 7051.41 7153.10 7634.76 
 875 6920.17 7772.09 7634.76 
 876 6606.61 8211.57 7634.76 
 877 7141.77 7405.80 7634.76 
 878 6940.84 6342.29 7634.76 
 879 6555.49 7570.13 7634.76 
 880 6630.92 7031.06 7634.76 
 881 6838.60 5805.84 7634.76 
 882 7204.78 7315.89 7634.76 
 883 6905.90 7122.46 7634.76 
 884 7516.38 7320.80 7634.76 
 885 7314.88 8132.84 7634.76 
 886 7712.13 7604.54 7634.76 
 887 7137.30 6354.21 7712.13 
 888 7046.43 8198.73 7712.13 
 889 7300.89 7019.98 7712.13 
 890 7375.32 7255.57 7712.13 
 891 7263.74 7042.31 7712.13 
 892 7453.23 9372.58 7712.13 
 893 7281.92 7390.20 7712.13 
 894 7771.60 7765.53 7712.13 
 895 7768.28 6821.78 7771.60 
 896 7236.33 7654.69 7771.60 
 897 7507.09 7509.29 7771.60 
 898 7450.67 6812.01 7771.60 
 899 7102.62 6883.68 7771.60 
 900 7779.67 9046.40 7771.60 
 901 7045.63 6735.94 7779.67 
 902 7234.62 7340.67 7779.67 
 903 8024.55 7925.74 7779.67 
 904 7588.26 9375.46 8024.55 
 905 7540.22 6929.63 8024.55 
 906 7312.11 8238.37 8024.55 
 907 7476.55 6611.01 8024.55 
 908 7656.18 9036.38 8024.55 
 909 7900.43 8244.23 8024.55 
 910 7803.31 7873.27 8024.55 
 911 8109.82 8092.35 8024.55 
 912 7200.91 7750.80 8109.82 
 913 7728.15 7489.63 8109.82 
 914 7189.70 7996.39 8109.82 
 915 7734.90 9773.20 8109.82 
 916 8011.67 6206.24 8109.82 
 917 7143.19 7135.74 8109.82 
 918 7588.72 8408.25 8109.82 
 919 7415.92 10508.14 8109.82 
 920 7775.40 10549.48 8109.82 
 921 8005.57 7017.10 8109.82 
 922 7594.53 9050.42 8109.82 
 923 7454.00 7584.41 8109.82 
 924 7691.81 8472.10 8109.82 
 925 7219.31 7917.31 8109.82 
 926 7737.17 7005.48 8109.82 
 927 7033.94 6588.75 8109.82 
 928 7358.12 7963.95 8109.82 
 929 7496.48 8612.03 8109.82 
 930 7516.49 9117.80 8109.82 
 931 7364.13 7865.00 8109.82 
 932 7837.97 7264.37 8109.82 
 933 7260.19 8492.35 8109.82 
 934 7071.12 8536.47 8109.82 
 935 7960.13 9999.19 8109.82 
 936 7640.10 6034.83 8109.82 
 937 8278.87 9863.88 8109.82 
 938 7808.98 5730.91 8278.87 
 939 8352.80 8535.61 8278.87 
 940 7906.46 7710.59 8352.80 
 941 7557.64 8153.02 8352.80 
 942 7997.84 7690.50 8352.80 
 943 8309.64 8197.87 8352.80 
 944 8399.60 6444.65 8352.80 
 945 8406.85 9296.59 8399.60 
 946 7451.39 9879.13 8406.85 
 947 7825.60 9721.04 8406.85 
 948 8167.68 9407.49 8406.85 
 949 7753.04 9610.23 8406.85 
 950 7868.99 7897.38 8406.85 
 951 7170.83 7004.79 8406.85 
 952 7986.34 10254.27 8406.85 
 953 8238.71 7922.68 8406.85 
 954 7850.20 9128.16 8406.85 
 955 8035.42 9203.30 8406.85 
 956 7590.40 10137.74 8406.85 
 957 8102.76 9214.53 8406.85 
 958 7680.77 9294.69 8406.85 
 959 8203.94 9327.70 8406.85 
 960 7737.41 7315.90 8406.85 
 961 7874.27 7232.35 8406.85 
 962 8415.58 7801.82 8406.85 
 963 7815.67 8492.38 8415.58 
 964 7900.12 7817.33 8415.58 
 965 8517.10 8129.59 8415.58 
 966 8578.84 6736.06 8517.10 
 967 7724.49 6409.54 8578.84 
 968 7636.39 9456.86 8578.84 
 969 8130.03 9973.44 8578.84 
 970 8160.12 9139.05 8578.84 
 971 8390.83 8732.94 8578.84 
 972 7590.27 8676.98 8578.84 
 973 7489.46 12991.55 8578.84 
 974 8447.65 9940.60 8578.84 
 975 7857.81 8787.47 8578.84 
 976 8249.07 8851.75 8578.84 
 977 8444.46 8219.86 8578.84 
 978 9106.83 8884.99 8578.84 
 979 8283.99 8401.71 9106.83 
 980 7415.12 7294.82 9106.83 
 981 8272.10 9812.76 9106.83 
 982 8084.58 8192.11 9106.83 
 983 8117.22 9774.03 9106.83 
 984 8547.79 8387.59 9106.83 
 985 7790.52 7945.13 9106.83 
 986 8173.03 7498.85 9106.83 
 987 7817.79 9326.48 9106.83 
 988 7480.52 7747.46 9106.83 
 989 8798.26 9355.73 9106.83 
 990 8081.82 8219.67 9106.83 
 991 7882.58 10195.31 9106.83 
 992 8392.38 7157.78 9106.83 
 993 7484.68 8723.09 9106.83 
 994 8508.41 7449.44 9106.83 
 995 8272.99 10263.53 9106.83 
 996 8364.71 8831.34 9106.83 
 997 8107.79 9775.83 9106.83 
 998 8729.99 7900.47 9106.83 
 999 8131.88 9785.38 9106.83 
1000 8433.42 7482.68 9106.83 
1001 8920.79 11057.56 9106.83 
1002 8532.47 10893.42 9106.83 
1003 8664.40 10676.97 9106.83 
1004 8003.24 12360.48 9106.83 
1005 8367.29 6773.65 9106.83 
1006 8404.72 8230.53 9106.83 
1007 7922.77 10571.31 9106.83 
1008 8027.42 6898.84 9106.83 
1009 8514.00 8985.09 9106.83 
1010 8385.92 8640.44 9106.83 
1011 7827.75 11141.71 9106.83 
1012 8390.98 8296.44 9106.83 
1013 7353.77 9125.67 9106.83 
1014 8672.99 6941.35 9106.83 
1015 8052.49 10111.84 9106.83 
1016 7835.98 9700.11 9106.83 
1017 8591.35 11482.25 9106.83 
1018 8214.85 9268.20 9106.83 
1019 8673.15 7576.70 9106.83 
1020 8386.09 10350.89 9106.83 
1021 8714.26 7689.41 9106.83 
1022 8358.60 11906.73 9106.83 
1023 7666.42 10341.80 9106.83 
1024 8602.24 7085.03 9106.83 
1025 7499.67 8277.19 9106.83 
1026 8090.15 9199.55 9106.83 
1027 7967.02 7876.15 9106.83 
1028 8227.09 7199.55 9106.83 
1029 8312.46 9492.59 9106.83 
1030 8084.69 8533.07 9106.83 
1031 8509.65 9801.01 9106.83 
1032 7729.77 11974.86 9106.83 
1033 7439.73 8700.69 9106.83 
1034 7706.12 8327.43 9106.83 
1035 8798.59 9332.42 9106.83 
1036 8321.65 7833.83 9106.83 
1037 8659.29 7852.61 9106.83 
1038 8250.14 10103.01 9106.83 
1039 8517.04 8857.11 9106.83 
1040 8485.76 7004.01 9106.83 
1041 8473.50 8242.39 9106.83 
1042 7886.91 8034.83 9106.83 
1043 7914.67 7745.96 9106.83 
1044 8255.04 6798.00 9106.83 
1045 8547.52 10308.24 9106.83 
1046 8571.73 9119.58 9106.83 
1047 8176.16 8525.07 9106.83 
1048 8637.87 11323.06 9106.83 
1049 8902.60 8246.11 9106.83 
1050 8390.26 9026.58 9106.83 
1051 7634.33 7732.58 9106.83 
1052 7967.88 10575.64 9106.83 
1053 7993.47 8222.08 9106.83 
1054 8098.98 7809.29 9106.83 
1055 8989.47 10632.24 9106.83 
1056 8535.03 11251.60 9106.83 
1057 8491.45 8405.28 9106.83 
1058 8347.42 8236.45 9106.83 
1059 8275.47 6648.80 9106.83 
1060 9182.53 7407.68 9106.83 
1061 7649.80 8948.26 9182.53 
1062 8238.97 10124.04 9182.53 
1063 8198.52 10147.10 9182.53 
1064 8049.00 8025.37 9182.53 
1065 8556.76 7270.77 9182.53 
1066 8558.81 10514.81 9182.53 
1067 8157.80 8768.87 9182.53 
1068 8436.79 7644.17 9182.53 
1069 8757.86 9226.20 9182.53 
1070 7592.84 9087.89 9182.53 
1071 8743.66 10593.87 9182.53 
1072 8336.50 7651.35 9182.53 
1073 8478.83 9470.81 9182.53 
1074 8540.49 9887.79 9182.53 
1075 8338.91 8092.68 9182.53 
1076 8490.77 10036.26 9182.53 
1077 7531.51 10441.28 9182.53 
1078 8691.81 8617.60 9182.53 
1079 8088.17 7402.34 9182.53 
1080 7940.77 9835.08 9182.53 
1081 8283.15 9273.20 9182.53 
1082 9073.33 10259.38 9182.53 
1083 8539.05 8062.20 9182.53 
1084 8747.54 11335.76 9182.53 
1085 8794.65 8943.00 9182.53 
