Iter | Sampling Pol | Evaluation Pol | Best (Sampled) 
   0 17767.61 19569.92 -100000000.00 
   1 17725.64 19257.59 17767.61 
   2 17844.40 19620.50 17767.61 
   3 17648.84 19441.78 17844.40 
   4 17303.78 19729.12 17844.40 
   5 17569.41 18719.53 17844.40 
   6 17874.73 20801.43 17844.40 
   7 18030.67 19813.64 17874.73 
   8 17910.44 19477.39 18030.67 
   9 17616.13 18849.32 18030.67 
  10 17388.91 18307.88 18030.67 
  11 17460.61 19780.27 18030.67 
  12 17705.55 19162.74 18030.67 
  13 17456.13 18335.31 18030.67 
  14 17648.60 17755.16 18030.67 
  15 17339.91 19191.41 18030.67 
  16 17218.33 19284.24 18030.67 
  17 17812.39 20110.14 18030.67 
  18 17386.94 19480.23 18030.67 
  19 17361.51 18514.53 18030.67 
  20 17494.91 19663.91 18030.67 
  21 17795.80 17786.28 18030.67 
  22 17308.65 19927.32 18030.67 
  23 17707.12 18452.59 18030.67 
  24 17737.34 20651.90 18030.67 
  25 17590.63 18293.56 18030.67 
  26 17707.22 20699.10 18030.67 
  27 17704.32 18817.47 18030.67 
  28 17172.61 20748.12 18030.67 
  29 17680.58 17729.94 18030.67 
  30 17383.17 20654.65 18030.67 
  31 17573.07 17549.25 18030.67 
  32 17863.87 -39.72 18030.67 
  33 -45.85 19367.95 18030.67 
  34 17276.09 21669.38 18030.67 
  35 17478.70 18857.84 18030.67 
  36 17126.44 19270.89 18030.67 
  37 17622.26 18196.15 18030.67 
  38 17727.14 18989.26 18030.67 
  39 17806.97 18986.09 18030.67 
  40 17549.86 21306.81 18030.67 
  41 17672.60 18240.79 18030.67 
  42 17505.69 19629.89 18030.67 
  43 17147.60 18935.67 18030.67 
  44 17811.34 17970.91 18030.67 
  45 17568.79 20475.43 18030.67 
  46 17272.56 19369.28 18030.67 
  47 17478.31 16530.13 18030.67 
  48 17225.36 18922.53 18030.67 
  49 17704.13 19810.44 18030.67 
  50 17474.91 21529.10 18030.67 
  51 17546.24 18720.81 18030.67 
  52 17481.65 18310.26 18030.67 
  53 17665.45 19903.62 18030.67 
  54 17096.41 17511.05 18030.67 
  55 17510.06 20636.57 18030.67 
  56 17808.38 18256.32 18030.67 
  57 17566.57 17552.77 18030.67 
  58 17400.07 21545.14 18030.67 
  59 17297.22 19045.56 18030.67 
  60 17701.30 17912.85 18030.67 
  61 17134.65 18779.16 18030.67 
  62 17285.50 18801.85 18030.67 
  63 17335.38 17384.43 18030.67 
  64 17560.29 17687.61 18030.67 
  65 17503.68 17236.04 18030.67 
  66 17427.82 18778.40 18030.67 
  67 17226.86 18235.70 18030.67 
  68 17285.15 16943.73 18030.67 
  69 17567.18 19777.80 18030.67 
  70 17296.83 17447.02 18030.67 
  71 17583.64 18382.62 18030.67 
  72 17516.44 19259.86 18030.67 
  73 17056.30 20083.68 18030.67 
  74 17039.09 18915.99 18030.67 
  75 17086.18 18301.92 18030.67 
  76 17275.20 17759.10 18030.67 
  77 17586.84 19003.85 18030.67 
  78 16812.86 18478.86 18030.67 
  79 17262.71 19605.96 18030.67 
  80 17493.46 19724.80 18030.67 
  81 17581.99 19616.29 18030.67 
  82 17370.16 17376.48 18030.67 
  83 16953.42 18275.95 18030.67 
  84 17480.38 16970.23 18030.67 
  85 17162.23 16956.14 18030.67 
  86 17354.99 17157.91 18030.67 
  87 17396.02 20428.80 18030.67 
  88 17724.28 19102.72 18030.67 
  89 17059.65 19257.87 18030.67 
  90 17350.74 18944.08 18030.67 
  91 17795.80 19050.98 18030.67 
  92 17583.75 18994.65 18030.67 
  93 17375.19 19202.72 18030.67 
  94 17403.75 19655.13 18030.67 
  95 17573.45 18962.15 18030.67 
  96 17381.61 18563.26 18030.67 
  97 17344.70 18362.25 18030.67 
  98 17534.36 18690.23 18030.67 
  99 17332.01 17494.80 18030.67 
 100 17246.51 19172.94 18030.67 
 101 17041.41 18455.61 18030.67 
 102 17185.93 19583.19 18030.67 
 103 17621.10 19401.46 18030.67 
 104 17586.05 17793.95 18030.67 
 105 17076.23 18084.13 18030.67 
