Iter | Sampling Pol | Evaluation Pol | Best (Sampled) 
   0 -9.24 26.55 -100000000.00 
   1 -9.48 26.18 -9.24 
   2 -9.02 26.75 -9.24 
   3 -9.14 26.40 -9.02 
   4 -9.29 26.40 -9.02 
   5 -9.15 26.52 -9.02 
   6 -9.32 -3.25 -9.02 
   7 -9.40 33.16 -9.02 
   8 -9.05 33.16 -9.02 
   9 -9.18 33.23 -9.02 
  10 -9.05 33.21 -9.02 
  11 -9.03 33.20 -9.02 
  12 -9.30 33.22 -9.02 
  13 -8.88 33.22 -9.02 
  14 -8.84 33.61 -8.88 
  15 -8.97 33.61 -8.84 
  16 -9.11 11.17 -8.84 
  17 -8.27 20.50 -8.84 
  18 -7.79 15.84 -8.27 
  19 -6.60  1.73 -7.79 
  20 -5.61 -1.79 -6.60 
  21 -5.16 -2.29 -5.61 
  22 -4.24  7.89 -5.16 
  23 -3.27 30.28 -4.24 
  24 -2.98 31.93 -3.27 
  25 -2.36 32.87 -2.98 
  26 -1.73 33.33 -2.36 
  27 -1.09 33.59 -1.73 
  28  0.41 33.83 -1.09 
  29  1.56 33.92  0.41 
  30  3.28 34.28  1.56 
  31  4.60 33.98  3.28 
  32  5.80 33.91  4.60 
  33  6.60 34.33  5.80 
  34  7.62 34.16  6.60 
  35  8.49 34.27  7.62 
  36 10.18 34.28  8.49 
  37 11.22 34.56 10.18 
  38 12.03 35.04 11.22 
  39 13.06 31.86 12.03 
  40 13.49 33.50 13.06 
  41 15.56 35.51 13.49 
  42 15.83 34.65 15.56 
  43 16.64 35.35 15.83 
  44 17.76 35.28 16.64 
  45 18.48 34.64 17.76 
  46 19.54 34.64 18.48 
  47 20.29 34.44 19.54 
  48 20.77 34.25 20.29 
  49 21.78 34.11 20.77 
  50 22.98 34.35 21.78 
  51 23.57 34.63 22.98 
  52 24.25 33.75 23.57 
  53 24.74 32.97 24.25 
  54 25.68 33.77 24.74 
  55 26.36 34.97 25.68 
  56 27.90 33.22 26.36 
  57 28.10 33.84 27.90 
  58 29.23 31.85 28.10 
  59 30.05 33.32 29.23 
  60 30.20 33.52 30.05 
  61 31.03 31.72 30.20 
  62 31.58 31.62 31.03 
  63 32.18 33.76 31.58 
  64 32.70 33.62 32.18 
  65 33.01 34.63 32.70 
  66 33.31 33.79 33.01 
  67 33.24 34.21 33.31 
  68 33.65 34.88 33.31 
  69 34.08 35.38 33.65 
  70 34.12 35.38 34.08 
  71 34.66 35.36 34.12 
  72 34.74 35.36 34.66 
  73 34.84 35.62 34.74 
  74 34.68 35.82 34.84 
  75 34.17 35.71 34.84 
  76 34.79 35.67 34.84 
  77 34.82 35.61 34.84 
  78 35.01 35.71 34.84 
  79 34.76 35.76 35.01 
  80 34.58 35.71 35.01 
  81 34.70 35.69 35.01 
  82 34.90 35.66 35.01 
  83 34.79 35.63 35.01 
  84 34.98 35.69 35.01 
  85 34.95 35.72 35.01 
  86 34.62 35.49 35.01 
  87 35.03 35.80 35.01 
  88 35.25 35.81 35.03 
  89 34.94 35.69 35.25 
  90 35.11 35.66 35.25 
  91 35.35 35.66 35.25 
  92 35.38 35.76 35.35 
  93 35.43 36.25 35.38 
  94 35.23 36.52 35.43 
  95 35.24 36.46 35.43 
  96 35.26 36.54 35.43 
  97 35.18 37.08 35.43 
  98 35.48 36.94 35.43 
  99 35.42 36.93 35.48 
 100 35.63 37.14 35.48 
 101 35.24 37.40 35.63 
 102 35.60 37.29 35.63 
 103 35.31 37.17 35.63 
 104 35.17 37.28 35.63 
 105 35.67 37.21 35.63 
 106 35.71 37.36 35.67 
 107 35.69 37.18 35.71 
 108 35.58 37.39 35.71 
 109 36.05 37.33 35.71 
 110 36.14 36.80 36.05 
 111 35.84 36.85 36.14 
 112 35.32 36.83 36.14 
 113 36.19 37.13 36.14 
 114 36.23 36.80 36.19 
 115 36.31 36.82 36.23 
 116 35.92 36.85 36.31 
 117 35.59 36.80 36.31 
 118 36.38 36.73 36.31 
 119 36.11 36.73 36.38 
 120 36.45 36.81 36.38 
 121 36.30 36.77 36.45 
 122 36.16 36.72 36.45 
 123 36.12 36.79 36.45 
 124 36.18 36.94 36.45 
 125 36.44 36.90 36.45 
 126 36.42 36.81 36.45 
 127 36.59 36.84 36.45 
 128 36.16 36.82 36.59 
 129 36.69 36.74 36.59 
 130 36.50 36.75 36.69 
 131 36.51 36.77 36.69 
 132 36.05 36.80 36.69 
 133 36.62 36.76 36.69 
 134 36.58 36.72 36.69 
 135 36.76 36.54 36.69 
 136 36.70 36.75 36.76 
 137 36.71 36.69 36.76 
 138 36.88 36.33 36.76 
 139 36.90 36.43 36.88 
 140 36.74 36.64 36.90 
 141 36.86 36.46 36.90 
 142 37.05 36.48 36.90 
 143 36.73 36.55 37.05 
 144 36.99 36.64 37.05 
 145 36.98 36.59 37.05 
 146 37.07 36.98 37.05 
 147 36.86 36.93 37.07 
 148 37.02 36.46 37.07 
 149 36.96 36.45 37.07 
 150 36.86 36.49 37.07 
 151 36.94 36.45 37.07 
 152 36.92 36.46 37.07 
 153 36.99 36.48 37.07 
 154 36.91 36.29 37.07 
 155 36.91 36.35 37.07 
 156 36.91 36.42 37.07 
 157 37.01 36.51 37.07 
 158 36.87 36.55 37.07 
 159 36.73 36.33 37.07 
 160 36.73 36.43 37.07 
 161 36.91 36.47 37.07 
 162 37.01 36.64 37.07 
 163 36.93 36.50 37.07 
 164 36.99 37.03 37.07 
 165 36.76 36.93 37.07 
 166 36.80 36.90 37.07 
 167 36.65 37.05 37.07 
 168 37.10 37.03 37.07 
 169 36.96 37.24 37.10 
 170 37.16 37.01 37.10 
 171 36.98 37.11 37.16 
 172 36.82 37.17 37.16 
 173 36.75 37.23 37.16 
 174 36.91 37.10 37.16 
 175 36.71 37.20 37.16 
 176 37.08 37.21 37.16 
 177 37.12 37.22 37.16 
 178 37.15 37.28 37.16 
 179 37.14 37.51 37.16 
 180 37.28 37.43 37.16 
 181 37.18 37.30 37.28 
 182 36.96 37.40 37.28 
 183 37.11 37.38 37.28 
 184 37.28 37.38 37.28 
 185 37.28 37.36 37.28 
 186 37.14 37.44 37.28 
 187 37.05 37.44 37.28 
 188 37.32 37.46 37.28 
 189 37.33 37.41 37.32 
 190 36.81 37.38 37.33 
 191 37.12 37.41 37.33 
 192 37.17 37.36 37.33 
 193 36.93 37.39 37.33 
 194 37.31 37.42 37.33 
 195 36.94 37.42 37.33 
 196 37.06 37.45 37.33 
 197 37.22 37.46 37.33 
 198 37.10 37.44 37.33 
 199 37.18 37.33 37.33 
 200 37.10 37.47 37.33 
 201 37.15 37.46 37.33 
 202 37.21 37.43 37.33 
 203 37.05 37.45 37.33 
 204 37.25 37.45 37.33 
 205 37.24 37.50 37.33 
 206 37.28 37.51 37.33 
 207 37.04 37.49 37.33 
 208 37.22 37.55 37.33 
 209 37.20 37.50 37.33 
 210 37.10 37.54 37.33 
 211 37.10 37.55 37.33 
 212 36.96 37.58 37.33 
 213 37.06 37.57 37.33 
 214 37.04 37.57 37.33 
 215 36.96 37.47 37.33 
 216 37.02 37.50 37.33 
 217 37.01 37.55 37.33 
 218 37.12 37.55 37.33 
 219 37.10 37.56 37.33 
 220 37.23 37.57 37.33 
 221 37.23 37.60 37.33 
 222 37.22 37.56 37.33 
 223 37.06 37.55 37.33 
 224 37.25 37.53 37.33 
 225 37.07 37.54 37.33 
 226 37.25 37.66 37.33 
 227 37.26 37.61 37.33 
 228 37.13 37.60 37.33 
 229 37.26 37.63 37.33 
 230 37.25 37.64 37.33 
 231 37.33 37.64 37.33 
 232 37.25 37.64 37.33 
 233 37.06 37.64 37.33 
 234 37.24 37.61 37.33 
 235 37.35 37.57 37.33 
 236 37.24 37.60 37.35 
 237 37.21 37.61 37.35 
 238 37.21 37.60 37.35 
 239 37.36 37.59 37.35 
 240 37.23 37.57 37.36 
 241 37.25 37.55 37.36 
 242 37.17 37.55 37.36 
 243 37.31 37.52 37.36 
 244 37.14 37.51 37.36 
 245 37.14 37.47 37.36 
 246 37.30 37.35 37.36 
 247 37.12 37.41 37.36 
 248 37.16 37.61 37.36 
 249 37.34 37.62 37.36 
 250 37.10 37.56 37.36 
 251 37.21 37.50 37.36 
 252 37.03 37.42 37.36 
 253 37.21 37.54 37.36 
 254 36.98 37.54 37.36 
 255 37.12 37.67 37.36 
 256 37.18 37.54 37.36 
 257 37.23 37.38 37.36 
 258 37.12 37.36 37.36 
 259 37.36 37.50 37.36 
 260 37.10 37.54 37.36 
 261 37.07 37.65 37.36 
 262 37.22 37.60 37.36 
 263 37.29 37.51 37.36 
 264 37.29 37.44 37.36 
 265 37.18 37.45 37.36 
 266 37.31 37.53 37.36 
 267 37.23 37.62 37.36 
 268 37.07 37.50 37.36 
 269 37.31 37.44 37.36 
 270 37.18 37.55 37.36 
 271 37.18 37.53 37.36 
 272 37.33 37.51 37.36 
 273 37.26 37.40 37.36 
 274 37.26 37.59 37.36 
 275 37.24 37.37 37.36 
 276 37.31 37.34 37.36 
 277 37.14 37.43 37.36 
 278 37.26 37.39 37.36 
 279 37.27 37.47 37.36 
 280 37.21 37.64 37.36 
 281 37.25 37.41 37.36 
 282 37.25 37.61 37.36 
 283 37.22 37.31 37.36 
 284 37.32 37.47 37.36 
 285 37.32 37.36 37.36 
 286 37.36 37.38 37.36 
 287 37.25 37.64 37.36 
 288 37.36 37.32 37.36 
 289 37.35 37.38 37.36 
 290 37.34 37.53 37.36 
 291 37.33 37.37 37.36 
 292 37.28 37.58 37.36 
 293 37.33 37.42 37.36 
 294 37.32 37.60 37.36 
 295 37.44 37.52 37.36 
 296 37.36 37.53 37.44 
 297 37.38 37.68 37.44 
 298 37.33 37.52 37.44 
 299 37.32 37.48 37.44 
 300 37.34 37.60 37.44 
 301 37.34 37.63 37.44 
 302 37.38 37.68 37.44 
 303 37.31 37.55 37.44 
 304 37.37 37.62 37.44 
 305 37.35 37.55 37.44 
 306 37.39 37.51 37.44 
 307 37.29 37.59 37.44 
 308 37.38 37.51 37.44 
 309 37.29 37.59 37.44 
 310 37.36 37.62 37.44 
 311 37.36 37.63 37.44 
 312 37.31 37.60 37.44 
 313 37.32 37.57 37.44 
 314 37.33 37.49 37.44 
 315 37.35 37.67 37.44 
 316 37.34 37.45 37.44 
 317 37.35 37.59 37.44 
 318 37.38 37.61 37.44 
 319 37.36 37.57 37.44 
 320 37.34 37.61 37.44 
 321 37.26 37.65 37.44 
 322 37.32 37.50 37.44 
 323 37.32 37.63 37.44 
 324 37.34 37.53 37.44 
 325 37.26 37.38 37.44 
 326 37.24 37.57 37.44 
 327 37.29 37.49 37.44 
 328 37.32 37.47 37.44 
 329 37.38 37.62 37.44 
 330 37.44 37.57 37.44 
 331 37.44 37.59 37.44 
 332 37.36 37.50 37.44 
 333 37.37 37.59 37.44 
 334 37.36 37.76 37.44 
 335 37.42 37.55 37.44 
 336 37.41 37.61 37.44 
 337 37.43 37.45 37.44 
 338 37.38 37.49 37.44 
 339 37.37 37.62 37.44 
 340 37.39 37.51 37.44 
 341 37.29 37.57 37.44 
 342 37.33 37.56 37.44 
 343 37.30 37.63 37.44 
 344 37.29 37.43 37.44 
 345 37.30 37.53 37.44 
 346 37.36 37.57 37.44 
 347 37.34 37.69 37.44 
 348 37.39 37.60 37.44 
 349 37.36 37.61 37.44 
 350 37.36 37.64 37.44 
 351 37.31 37.63 37.44 
 352 37.35 37.54 37.44 
 353 37.28 37.60 37.44 
 354 37.36 37.65 37.44 
 355 37.32 37.62 37.44 
 356 37.33 37.62 37.44 
 357 37.34 37.58 37.44 
 358 37.32 37.65 37.44 
 359 37.31 37.63 37.44 
 360 37.36 37.57 37.44 
 361 37.36 37.71 37.44 
 362 37.38 37.69 37.44 
 363 37.41 37.63 37.44 
 364 37.31 37.64 37.44 
 365 37.34 37.62 37.44 
 366 37.30 37.55 37.44 
 367 37.27 37.60 37.44 
 368 37.31 37.58 37.44 
 369 37.20 37.64 37.44 
 370 37.33 37.59 37.44 
 371 37.33 37.60 37.44 
 372 37.29 37.61 37.44 
 373 37.29 37.62 37.44 
 374 37.31 37.60 37.44 
 375 37.31 37.64 37.44 
 376 37.25 37.58 37.44 
 377 37.35 37.59 37.44 
 378 37.27 37.59 37.44 
 379 37.30 37.60 37.44 
 380 37.26 37.54 37.44 
 381 37.25 37.62 37.44 
 382 37.26 37.48 37.44 
 383 37.24 37.64 37.44 
 384 37.30 37.64 37.44 
 385 37.22 37.59 37.44 
 386 37.32 37.54 37.44 
 387 37.22 37.61 37.44 
 388 37.30 37.57 37.44 
 389 37.20 37.55 37.44 
 390 37.24 37.54 37.44 
 391 37.28 37.54 37.44 
 392 37.27 37.55 37.44 
 393 37.29 37.53 37.44 
 394 37.29 37.45 37.44 
 395 37.29 37.42 37.44 
 396 37.27 37.37 37.44 
 397 37.20 37.48 37.44 
 398 37.26 37.40 37.44 
 399 37.27 37.44 37.44 
 400 37.31 37.45 37.44 
 401 37.29 37.44 37.44 
 402 37.24 37.48 37.44 
 403 37.29 37.50 37.44 
 404 37.32 37.38 37.44 
 405 37.20 37.32 37.44 
 406 37.23 37.41 37.44 
 407 37.16 37.27 37.44 
 408 37.18 37.35 37.44 
 409 37.23 37.29 37.44 
 410 37.23 37.34 37.44 
 411 37.24 37.48 37.44 
 412 37.23 37.44 37.44 
 413 37.30 37.48 37.44 
 414 37.31 37.49 37.44 
