Iter | Sampling Pol | Evaluation Pol | Best (Sampled) 
   0 -34.75 -39.20 -100000000.00 
   1 -35.06 -39.03 -34.75 
   2 -34.92 -39.05 -34.75 
   3 -34.90 -38.99 -34.75 
   4 -33.62 -39.21 -34.75 
   5 -35.52 -38.89 -33.62 
   6 -34.83 -39.26 -33.62 
   7 -34.58 -39.43 -33.62 
   8 -33.64 -38.95 -33.62 
   9 -33.76 -38.92 -33.62 
  10 -33.99 -39.27 -33.62 
  11 -35.05 -39.27 -33.62 
  12 -32.47 -39.05 -33.62 
  13 -35.08 -39.34 -32.47 
  14 -33.16 -39.23 -32.47 
  15 -34.40 -39.22 -32.47 
  16 -34.04 -39.40 -32.47 
  17 -34.87 -39.36 -32.47 
  18 -35.42 -39.44 -32.47 
  19 -35.72 -39.19 -32.47 
  20 -35.52 -39.18 -32.47 
  21 -35.49 -39.28 -32.47 
  22 -35.75 -39.19 -32.47 
  23 -32.64 -39.29 -32.47 
  24 -33.84 -39.27 -32.47 
  25 -29.94 -39.35 -32.47 
  26 -35.99 -38.90 -29.94 
  27 -34.76 -39.16 -29.94 
  28 -34.66 -39.08 -29.94 
  29 -34.92 -38.99 -29.94 
  30 -34.01 -39.15 -29.94 
  31 -35.04 -39.31 -29.94 
  32 -34.40 -39.32 -29.94 
  33 -36.03 -39.57 -29.94 
  34 -35.35 -39.38 -29.94 
  35 -35.17 -39.44 -29.94 
  36 -34.51 -39.45 -29.94 
  37 -35.50 -39.40 -29.94 
  38 -36.05 -39.45 -29.94 
  39 -35.66 -39.27 -29.94 
  40 -36.07 -39.35 -29.94 
  41 -35.22 -39.39 -29.94 
  42 -36.03 -39.42 -29.94 
  43 -36.82 -39.42 -29.94 
  44 -34.78 -39.25 -29.94 
  45 -35.82 -39.46 -29.94 
  46 -36.13 -39.11 -29.94 
  47 -35.80 -39.42 -29.94 
  48 -36.16 -39.10 -29.94 
  49 -35.07 -39.28 -29.94 
  50 -32.34 -39.34 -29.94 
  51 -35.75 -39.41 -29.94 
  52 -35.40 -39.15 -29.94 
  53 -35.60 -39.35 -29.94 
  54 -34.31 -39.26 -29.94 
  55 -34.55 -39.55 -29.94 
  56 -31.93 -39.08 -29.94 
  57 -34.32 -39.22 -29.94 
  58 -34.88 -39.06 -29.94 
  59 -32.09 -39.10 -29.94 
  60 -26.56 -38.99 -29.94 
  61 -33.47 -39.05 -26.56 
  62 -34.91 -38.71 -26.56 
  63 -34.17 -38.73 -26.56 
  64 -29.91 -38.90 -26.56 
  65 -34.04 -38.91 -26.56 
  66 -33.48 -38.98 -26.56 
  67 -34.16 -38.94 -26.56 
  68 -33.12 -39.05 -26.56 
  69 -31.87 -38.76 -26.56 
  70 -31.89 -38.72 -26.56 
  71 -33.30 -38.66 -26.56 
  72 -32.83 -38.54 -26.56 
  73 -32.16 -38.62 -26.56 
  74 -29.24 -38.75 -26.56 
  75 -31.08 -38.76 -26.56 
  76 -30.56 -38.49 -26.56 
  77 -31.80 -38.71 -26.56 
  78 -27.02 -38.43 -26.56 
  79 -28.82 -38.62 -26.56 
  80 -28.69 -38.26 -26.56 
  81 -29.00 -38.52 -26.56 
  82 -30.36 -38.37 -26.56 
  83 -25.77 -38.25 -26.56 
  84 -27.73 -38.38 -25.77 
  85 -28.22 -37.99 -25.77 
  86 -27.59 -38.08 -25.77 
  87 -27.73 -38.06 -25.77 
  88 -24.61 -38.32 -25.77 
  89 -23.65 -38.14 -24.61 
  90 -27.23 -38.40 -23.65 
  91 -26.35 -38.29 -23.65 
  92 -26.75 -38.07 -23.65 
  93 -27.48 -37.95 -23.65 
  94 -25.97 -37.84 -23.65 
  95 -23.22 -30.09 -23.65 
  96 -24.10 -35.06 -23.22 
  97 -24.25 -29.33 -23.22 
  98 -21.44 -25.33 -23.22 
  99 -21.82 -34.47 -21.44 
 100 -21.76 -36.46 -21.44 
 101 -21.77 -37.86 -21.44 
 102 -25.77 -32.80 -21.44 
 103 -23.01 -36.22 -21.44 
 104 -20.84 -31.00 -21.44 
 105 -24.50 -23.40 -20.84 
 106 -22.01 -25.49 -20.84 
 107 -24.55 -17.85 -20.84 
 108 -23.91 -14.42 -20.84 
 109 -22.60 -18.29 -20.84 
 110 -22.19 -21.05 -20.84 
 111 -22.41 -20.08 -20.84 
 112 -22.10 -13.74 -20.84 
 113 -18.99 -8.79 -20.84 
 114 -19.24 -3.72 -18.99 
 115 -18.07 -3.73 -18.99 
 116 -18.94 -3.04 -18.07 
 117 -20.21 -1.67 -18.07 
 118 -19.74  1.62 -18.07 
 119 -18.66 -2.02 -18.07 
 120 -17.88  1.86 -18.07 
 121 -19.63 -0.96 -17.88 
 122 -16.35 -0.63 -17.88 
 123 -15.85 -0.35 -16.35 
 124 -15.03 -0.26 -15.85 
 125 -17.00 -0.64 -15.03 
 126 -15.54 -0.12 -15.03 
 127 -17.00  0.05 -15.03 
 128 -16.62  0.25 -15.03 
 129 -15.49 -0.02 -15.03 
 130 -16.36  0.00 -15.03 
 131 -16.65 -0.08 -15.03 
 132 -15.72  0.52 -15.03 
 133 -14.06  0.14 -15.03 
 134 -15.37  2.87 -14.06 
 135 -12.16  1.81 -14.06 
 136 -13.74 -0.03 -12.16 
 137 -11.83  0.22 -12.16 
 138 -13.92  3.19 -11.83 
 139 -9.18  1.46 -11.83 
 140 -14.05  0.02 -9.18 
 141 -11.87  1.06 -9.18 
 142 -12.51  2.54 -9.18 
 143 -10.37  2.96 -9.18 
 144 -11.25  1.70 -9.18 
 145 -10.91  2.64 -9.18 
 146 -9.82  0.32 -9.18 
 147 -10.17  2.01 -9.18 
 148 -6.62  2.16 -9.18 
 149 -8.63  0.90 -6.62 
 150 -11.55  2.30 -6.62 
 151 -7.38  0.37 -6.62 
 152 -8.07  0.37 -6.62 
 153 -6.96 -0.04 -6.62 
 154 -4.87  7.98 -6.62 
 155 -7.00  6.44 -4.87 
 156 -5.49  2.08 -4.87 
 157 -5.13  6.85 -4.87 
 158 -4.91  3.06 -4.87 
 159 -6.15  0.62 -4.87 
 160 -1.40  2.90 -4.87 
 161 -3.97  3.21 -1.40 
 162 -2.65  1.52 -1.40 
 163 -3.95  1.64 -1.40 
 164 -3.74  3.42 -1.40 
 165 -1.61  2.84 -1.40 
 166 -1.13  4.96 -1.40 
 167  1.15  6.04 -1.13 
 168 -0.10  1.31  1.15 
 169  2.88  0.61  1.15 
 170  1.76  3.15  2.88 
 171  4.50  2.24  2.88 
 172  3.89  4.04  4.50 
 173  1.70  2.32  4.50 
 174  6.89  1.67  4.50 
 175  4.57  4.20  6.89 
 176 11.28  1.55  6.89 
 177  5.86  0.43 11.28 
 178 11.67  1.68 11.28 
 179  8.05  0.74 11.67 
 180 11.27  1.01 11.67 
 181 12.57  4.77 11.67 
 182 18.03  1.34 12.57 
 183 12.38  0.76 18.03 
 184 18.39  2.55 18.03 
 185 20.66  1.52 18.39 
 186 21.43  1.39 20.66 
 187 21.13  0.62 21.43 
 188 21.14  1.90 21.43 
 189 23.07  0.86 21.43 
 190 24.55  1.04 23.07 
 191 26.04  1.55 24.55 
 192 28.07  0.22 26.04 
 193 31.98  1.78 28.07 
 194 27.98  2.40 31.98 
 195 37.48  1.40 31.98 
 196 37.45  1.41 37.48 
 197 41.71  0.35 37.48 
 198 39.39  0.57 41.71 
 199 44.19  0.41 41.71 
 200 49.93 -1.44 44.19 
 201 51.07  1.22 49.93 
 202 54.77  1.59 51.07 
 203 60.67  1.61 54.77 
 204 51.11  1.19 60.67 
 205 61.31  1.10 60.67 
 206 63.11  1.81 61.31 
 207 63.56 11.27 63.11 
 208 62.61  3.00 63.56 
 209 64.54  3.65 63.56 
 210 64.74  0.91 64.54 
 211 69.20  8.22 64.74 
 212 67.52  5.28 69.20 
 213 60.71  7.20 69.20 
 214 69.68 12.92 69.20 
 215 71.70 16.65 69.68 
 216 67.37 14.73 71.70 
 217 66.06  9.72 71.70 
 218 70.44  5.57 71.70 
 219 73.86 11.73 71.70 
 220 70.62  7.61 73.86 
 221 70.28  5.00 73.86 
 222 70.40 18.94 73.86 
 223 69.28 15.34 73.86 
 224 72.18 10.84 73.86 
 225 73.50  5.25 73.86 
 226 75.72 22.07 73.86 
 227 74.61  5.22 75.72 
 228 72.21 11.52 75.72 
 229 77.12  7.81 75.72 
 230 76.10 19.92 77.12 
 231 75.78 29.95 77.12 
 232 76.68  7.59 77.12 
 233 76.47 19.26 77.12 
 234 73.83 34.62 77.12 
 235 82.71  7.71 77.12 
 236 74.28 11.28 82.71 
 237 79.18 13.79 82.71 
 238 76.17  6.72 82.71 
 239 75.14  8.40 82.71 
 240 79.81 13.95 82.71 
 241 82.48 16.98 82.71 
 242 84.39  8.02 82.71 
 243 83.95 23.35 84.39 
 244 81.15 21.76 84.39 
 245 83.66  5.64 84.39 
 246 86.57 11.56 84.39 
 247 87.15 15.73 86.57 
 248 85.25  2.73 87.15 
 249 80.37  7.68 87.15 
 250 85.87 11.70 87.15 
 251 87.19 14.06 87.15 
 252 88.45  7.47 87.19 
 253 85.85 17.96 88.45 
 254 88.35  8.17 88.45 
 255 93.95 15.88 88.45 
 256 88.84 14.71 93.95 
 257 86.07 23.26 93.95 
 258 86.85 18.45 93.95 
 259 95.03 10.83 93.95 
 260 82.58 13.28 95.03 
 261 89.95 15.34 95.03 
 262 92.90  9.42 95.03 
 263 87.65 14.83 95.03 
 264 90.34 10.19 95.03 
 265 88.63 22.56 95.03 
 266 95.38 16.42 95.03 
 267 93.15 33.51 95.38 
 268 93.27 20.36 95.38 
 269 91.97 19.55 95.38 
 270 91.33  9.02 95.38 
 271 91.75 35.52 95.38 
 272 96.00 19.17 95.38 
 273 90.96 31.78 96.00 
 274 93.41 47.29 96.00 
 275 97.00 23.23 96.00 
 276 91.76 37.37 97.00 
 277 92.24 16.81 97.00 
 278 92.05 14.14 97.00 
 279 95.68 22.20 97.00 
 280 94.70 10.86 97.00 
 281 97.11 32.33 97.00 
 282 93.75 39.85 97.11 
 283 96.77 23.15 97.11 
 284 93.27 18.30 97.11 
 285 95.85 30.04 97.11 
 286 100.00 42.50 97.11 
 287 91.37 29.47 100.00 
 288 103.62 11.01 100.00 
 289 94.28 22.08 103.62 
 290 95.52 28.68 103.62 
 291 95.29 26.94 103.62 
 292 96.87 22.38 103.62 
 293 97.64 27.22 103.62 
 294 101.61 25.54 103.62 
