Iter | Sampling Pol | Evaluation Pol | Best (Sampled) 
   0 37.08 37.55 -100000000.00 
   1 37.01 37.55 37.08 
   2 37.01 37.58 37.08 
   3 37.25 37.49 37.08 
   4 37.21 37.50 37.25 
   5 37.31 37.58 37.25 
   6 37.40 37.53 37.31 
   7 37.29 37.53 37.40 
   8 37.04 37.59 37.40 
   9 37.36 37.56 37.40 
  10 37.29 37.55 37.40 
  11 37.31 37.57 37.40 
  12 37.44 37.55 37.40 
  13 37.31 37.58 37.44 
  14 37.38 37.53 37.44 
  15 37.37 37.57 37.44 
  16 37.34 37.64 37.44 
  17 36.47 37.62 37.44 
  18 36.49 37.58 37.44 
  19 35.88 37.68 37.44 
  20 36.74 37.54 37.44 
  21 36.81 37.35 37.44 
  22 37.07 36.79 37.44 
  23 37.02 36.89 37.44 
  24 36.71 37.14 37.44 
  25 37.22 37.00 37.44 
  26 37.04 37.33 37.44 
  27 37.19 37.25 37.44 
  28 36.96 37.31 37.44 
  29 37.14 37.33 37.44 
  30 37.22 37.36 37.44 
  31 37.14 37.28 37.44 
  32 37.28 37.27 37.44 
  33 37.10 37.34 37.44 
  34 37.17 37.29 37.44 
  35 37.23 37.19 37.44 
  36 37.08 37.25 37.44 
  37 37.05 37.26 37.44 
  38 37.24 37.26 37.44 
  39 37.10 37.29 37.44 
  40 37.20 37.44 37.44 
  41 37.05 37.40 37.44 
  42 37.21 37.37 37.44 
  43 37.13 37.36 37.44 
  44 36.74 37.28 37.44 
  45 37.20 37.24 37.44 
  46 36.84 37.21 37.44 
  47 37.14 37.21 37.44 
  48 37.18 37.20 37.44 
  49 36.96 37.33 37.44 
  50 37.25 37.38 37.44 
  51 37.10 37.38 37.44 
  52 37.10 37.30 37.44 
  53 36.82 37.37 37.44 
  54 37.08 37.25 37.44 
  55 37.09 37.32 37.44 
  56 37.13 37.27 37.44 
  57 37.18 37.23 37.44 
  58 37.12 37.15 37.44 
  59 36.92 37.19 37.44 
  60 37.04 37.26 37.44 
  61 37.06 37.22 37.44 
  62 37.13 37.29 37.44 
  63 37.06 37.34 37.44 
  64 37.17 37.33 37.44 
  65 37.23 37.26 37.44 
  66 36.87 37.27 37.44 
  67 36.67 37.23 37.44 
  68 36.92 37.33 37.44 
  69 36.92 37.14 37.44 
  70 36.64 37.16 37.44 
  71 36.79 37.19 37.44 
  72 36.72 37.21 37.44 
  73 36.99 37.20 37.44 
  74 36.75 37.02 37.44 
  75 36.65 36.43 37.44 
  76 36.35 37.24 37.44 
  77 36.68 37.10 37.44 
  78 36.85 37.03 37.44 
  79 36.51 37.19 37.44 
  80 37.00 37.14 37.44 
  81 36.46 37.04 37.44 
  82 36.32 37.14 37.44 
  83 36.41 37.28 37.44 
  84 36.32 37.20 37.44 
  85 36.22 37.24 37.44 
  86 36.37 37.29 37.44 
  87 36.61 37.24 37.44 
  88 36.94 37.26 37.44 
  89 37.16 37.24 37.44 
  90 37.05 37.37 37.44 
  91 37.02 37.17 37.44 
  92 37.15 37.32 37.44 
  93 36.91 37.32 37.44 
  94 37.06 37.28 37.44 
  95 37.12 37.22 37.44 
  96 37.29 37.36 37.44 
  97 37.31 37.33 37.44 
  98 37.32 37.49 37.44 
  99 36.91 37.42 37.44 
 100 37.21 37.23 37.44 
 101 37.28 37.20 37.44 
 102 37.18 37.50 37.44 
 103 37.25 37.63 37.44 
 104 37.02 37.51 37.44 
 105 37.35 37.43 37.44 
 106 37.25 37.66 37.44 
 107 37.01 37.57 37.44 
 108 37.09 37.36 37.44 
 109 36.98 37.26 37.44 
 110 37.28 37.29 37.44 
 111 37.31 37.30 37.44 
 112 37.21 37.23 37.44 
 113 37.23 37.52 37.44 
 114 37.23 37.38 37.44 
 115 37.24 37.47 37.44 
 116 37.12 37.44 37.44 
 117 37.23 37.41 37.44 
 118 37.29 37.40 37.44 
 119 36.97 37.26 37.44 
 120 37.04 37.18 37.44 
 121 36.81 37.09 37.44 
 122 36.89 37.17 37.44 
 123 37.06 36.99 37.44 
 124 37.12 37.39 37.44 
 125 37.19 37.23 37.44 
 126 37.08 37.36 37.44 
 127 37.15 37.32 37.44 
 128 37.25 37.41 37.44 
 129 37.07 37.30 37.44 
 130 37.16 37.32 37.44 
 131 37.06 37.40 37.44 
 132 36.90 37.40 37.44 
 133 36.93 37.32 37.44 
 134 37.22 37.39 37.44 
 135 37.34 37.47 37.44 
 136 36.57 37.43 37.44 
 137 36.55 37.34 37.44 
 138 37.12 37.51 37.44 
 139 37.30 37.44 37.44 
 140 37.31 37.52 37.44 
 141 37.22 37.40 37.44 
 142 37.20 37.47 37.44 
 143 37.24 37.47 37.44 
 144 36.91 37.48 37.44 
 145 37.08 37.37 37.44 
 146 37.21 37.39 37.44 
 147 37.08 37.52 37.44 
 148 37.35 37.48 37.44 
 149 37.00 37.52 37.44 
 150 36.97 37.49 37.44 
 151 37.26 37.46 37.44 
 152 37.22 37.36 37.44 
 153 37.08 37.33 37.44 
 154 37.25 37.38 37.44 
 155 37.20 37.38 37.44 
 156 37.11 37.22 37.44 
 157 37.16 37.37 37.44 
 158 37.21 37.42 37.44 
 159 37.18 37.39 37.44 
 160 37.23 37.43 37.44 
 161 37.27 37.47 37.44 
 162 37.35 37.41 37.44 
 163 37.33 37.42 37.44 
 164 37.33 37.45 37.44 
 165 37.35 37.34 37.44 
 166 37.10 37.35 37.44 
 167 37.29 37.41 37.44 
 168 37.23 37.49 37.44 
 169 37.21 37.58 37.44 
 170 36.84 37.58 37.44 
 171 36.59 37.58 37.44 
 172 36.92 37.62 37.44 
 173 37.07 37.60 37.44 
 174 37.32 37.28 37.44 
 175 37.28 37.44 37.44 
 176 37.26 37.55 37.44 
 177 37.24 37.56 37.44 
 178 37.14 37.50 37.44 
 179 36.92 37.48 37.44 
 180 37.40 37.33 37.44 
 181 37.25 37.27 37.44 
 182 37.18 37.31 37.44 
 183 36.83 37.37 37.44 
 184 36.99 37.38 37.44 
 185 37.22 37.37 37.44 
 186 36.94 37.25 37.44 
 187 37.17 37.22 37.44 
 188 37.06 37.30 37.44 
 189 37.22 37.26 37.44 
 190 36.77 37.40 37.44 
 191 37.36 37.44 37.44 
 192 37.16 37.42 37.44 
 193 37.35 37.58 37.44 
 194 37.23 37.55 37.44 
 195 37.05 37.22 37.44 
 196 37.03 37.23 37.44 
 197 37.18 37.28 37.44 
 198 37.32 37.54 37.44 
 199 37.29 37.60 37.44 
 200 36.96 37.56 37.44 
 201 37.11 37.49 37.44 
 202 36.91 37.50 37.44 
 203 36.82 37.59 37.44 
 204 37.25 37.69 37.44 
 205 37.05 37.66 37.44 
 206 37.40 37.71 37.44 
 207 36.55 37.73 37.44 
 208 37.06 37.63 37.44 
 209 37.28 37.66 37.44 
 210 37.23 37.67 37.44 
 211 37.07 37.65 37.44 
 212 36.04 37.54 37.44 
 213 37.01 37.46 37.44 
 214 37.33 37.42 37.44 
 215 37.03 37.44 37.44 
 216 37.22 37.60 37.44 
 217 37.19 37.55 37.44 
 218 37.26 37.60 37.44 
 219 37.14 37.57 37.44 
 220 37.18 37.68 37.44 
 221 37.17 37.71 37.44 
 222 37.16 37.68 37.44 
 223 36.74 37.67 37.44 
 224 37.35 37.65 37.44 
 225 37.50 37.65 37.44 
 226 37.24 37.62 37.50 
 227 37.43 37.72 37.50 
 228 36.77 37.68 37.50 
 229 37.42 37.66 37.50 
 230 37.46 37.76 37.50 
 231 37.49 37.70 37.50 
 232 36.82 37.72 37.50 
 233 37.33 37.75 37.50 
 234 37.31 37.55 37.50 
 235 37.37 37.53 37.50 
 236 37.43 37.35 37.50 
 237 37.31 37.35 37.50 
 238 37.26 37.54 37.50 
 239 37.43 37.72 37.50 
 240 37.29 37.68 37.50 
 241 37.46 37.74 37.50 
 242 36.79 37.63 37.50 
 243 37.20 37.64 37.50 
 244 37.08 37.42 37.50 
 245 37.31 37.36 37.50 
 246 37.10 37.75 37.50 
 247 36.71 37.53 37.50 
 248 37.42 37.68 37.50 
 249 37.05 37.56 37.50 
 250 37.15 37.29 37.50 
 251 37.18 37.19 37.50 
 252 37.22 37.19 37.50 
 253 37.31 37.73 37.50 
 254 37.06 37.54 37.50 
 255 37.43 37.60 37.50 
 256 37.14 37.40 37.50 
 257 37.18 37.48 37.50 
 258 36.67 37.20 37.50 
 259 37.18 37.41 37.50 
 260 37.24 37.44 37.50 
 261 37.26 37.63 37.50 
 262 37.39 37.58 37.50 
 263 37.44 37.52 37.50 
 264 37.48 37.68 37.50 
 265 37.49 37.60 37.50 
 266 37.12 37.55 37.50 
 267 37.43 37.62 37.50 
 268 37.28 37.64 37.50 
 269 36.61 37.59 37.50 
 270 37.22 37.59 37.50 
 271 37.49 37.80 37.50 
 272 36.85 37.79 37.50 
 273 37.08 37.44 37.50 
 274 37.37 37.24 37.50 
 275 37.15 36.97 37.50 
 276 37.14 37.40 37.50 
 277 37.43 37.78 37.50 
 278 37.54 37.69 37.50 
 279 37.51 37.59 37.54 
 280 37.25 37.66 37.54 
 281 37.27 37.66 37.54 
 282 37.35 37.66 37.54 
 283 37.38 37.70 37.54 
 284 37.41 37.78 37.54 
 285 37.39 37.81 37.54 
 286 37.49 37.76 37.54 
 287 37.39 37.80 37.54 
 288 37.47 37.76 37.54 
 289 37.43 37.74 37.54 
 290 37.49 37.64 37.54 
 291 37.52 37.41 37.54 
 292 37.34 37.77 37.54 
 293 37.43 37.76 37.54 
 294 37.48 37.67 37.54 
 295 37.57 37.71 37.54 
 296 37.42 37.70 37.57 
 297 37.49 37.72 37.57 
 298 37.21 37.78 37.57 
 299 37.16 37.55 37.57 
 300 37.45 37.36 37.57 
 301 37.17 37.45 37.57 
 302 37.12 37.44 37.57 
 303 37.07 37.52 37.57 
 304 37.45 37.37 37.57 
 305 37.25 37.45 37.57 
 306 37.34 37.35 37.57 
 307 37.30 37.31 37.57 
 308 37.33 37.74 37.57 
 309 37.42 37.81 37.57 
 310 37.59 37.47 37.57 
 311 37.32 37.50 37.59 
 312 37.28 37.66 37.59 
 313 37.25 37.59 37.59 
 314 37.25 37.45 37.59 
 315 37.38 37.65 37.59 
 316 37.44 37.75 37.59 
 317 37.31 37.69 37.59 
 318 37.59 37.80 37.59 
 319 37.10 37.84 37.59 
 320 37.29 37.68 37.59 
 321 37.50 37.83 37.59 
 322 37.30 37.80 37.59 
 323 37.56 37.81 37.59 
 324 37.54 37.80 37.59 
 325 37.53 37.70 37.59 
 326 37.61 37.77 37.59 
 327 37.60 37.49 37.61 
 328 37.53 37.67 37.61 
 329 37.49 37.65 37.61 
 330 37.53 37.50 37.61 
 331 37.40 37.27 37.61 
 332 37.44 37.39 37.61 
 333 37.39 37.40 37.61 
 334 37.47 37.50 37.61 
 335 37.45 37.62 37.61 
 336 37.47 37.31 37.61 
 337 37.38 37.25 37.61 
 338 37.34 37.51 37.61 
 339 37.49 37.67 37.61 
 340 37.03 37.70 37.61 
 341 37.07 37.78 37.61 
 342 37.60 37.81 37.61 
 343 37.57 37.68 37.61 
 344 37.35 37.64 37.61 
 345 37.57 37.52 37.61 
 346 37.61 37.49 37.61 
 347 37.46 37.46 37.61 
 348 37.46 37.60 37.61 
 349 37.29 37.51 37.61 
 350 37.48 37.50 37.61 
 351 37.44 37.67 37.61 
 352 37.34 37.48 37.61 
 353 37.57 37.50 37.61 
 354 37.18 37.56 37.61 
 355 37.27 37.38 37.61 
 356 37.50 37.26 37.61 
 357 37.35 37.48 37.61 
 358 37.47 37.49 37.61 
 359 37.52 37.68 37.61 
 360 37.58 37.71 37.61 
 361 37.64 37.70 37.61 
 362 37.57 37.77 37.64 
 363 37.62 37.52 37.64 
 364 37.50 37.75 37.64 
 365 37.55 37.82 37.64 
 366 37.62 37.63 37.64 
 367 37.57 37.71 37.64 
 368 37.49 37.76 37.64 
 369 37.59 37.64 37.64 
 370 37.57 37.52 37.64 
 371 37.61 37.57 37.64 
 372 37.43 37.63 37.64 
 373 37.56 37.65 37.64 
 374 37.55 37.54 37.64 
 375 37.51 37.50 37.64 
 376 37.51 37.63 37.64 
 377 37.55 37.67 37.64 
 378 37.55 37.67 37.64 
 379 37.60 37.55 37.64 
 380 37.28 37.67 37.64 
 381 37.15 37.53 37.64 
 382 37.41 37.48 37.64 
 383 37.51 37.62 37.64 
 384 37.28 37.54 37.64 
 385 37.34 37.64 37.64 
 386 37.36 37.50 37.64 
 387 37.33 37.39 37.64 
 388 37.31 37.40 37.64 
 389 37.30 37.54 37.64 
 390 37.49 37.33 37.64 
 391 37.46 37.49 37.64 
 392 37.41 37.54 37.64 
 393 37.31 37.64 37.64 
 394 37.36 37.49 37.64 
 395 37.37 37.50 37.64 
 396 37.32 37.46 37.64 
 397 37.28 37.31 37.64 
 398 37.41 37.56 37.64 
 399 37.58 37.70 37.64 
 400 37.63 37.78 37.64 
 401 37.65 37.75 37.64 
 402 37.67 37.79 37.65 
 403 37.59 37.81 37.67 
 404 37.64 37.79 37.67 
 405 37.44 37.79 37.67 
 406 37.58 37.85 37.67 
 407 37.59 37.78 37.67 
 408 37.52 37.84 37.67 
 409 37.63 37.87 37.67 
 410 37.66 37.74 37.67 
 411 37.65 37.84 37.67 
 412 37.64 37.82 37.67 
 413 37.55 37.83 37.67 
 414 37.67 37.65 37.67 
 415 37.60 37.65 37.67 
 416 37.60 37.52 37.67 
 417 37.50 37.86 37.67 
 418 37.63 37.65 37.67 
 419 37.54 37.77 37.67 
 420 37.49 37.73 37.67 
 421 37.54 37.68 37.67 
 422 37.26 37.77 37.67 
 423 37.43 37.78 37.67 
 424 37.50 37.73 37.67 
 425 37.45 37.76 37.67 
 426 37.45 37.73 37.67 
 427 37.59 37.81 37.67 
 428 37.59 37.81 37.67 
 429 37.63 37.79 37.67 
 430 37.57 37.81 37.67 
 431 37.55 37.73 37.67 
 432 37.63 37.69 37.67 
 433 37.51 37.72 37.67 
 434 37.41 37.63 37.67 
 435 37.58 37.60 37.67 
 436 37.54 37.39 37.67 
 437 37.43 37.48 37.67 
 438 37.55 37.61 37.67 
 439 37.37 37.71 37.67 
 440 37.52 37.78 37.67 
 441 37.55 37.83 37.67 
 442 37.57 37.80 37.67 
 443 37.59 37.82 37.67 
 444 37.60 37.79 37.67 
 445 37.61 37.80 37.67 
 446 37.59 37.83 37.67 
 447 37.58 37.78 37.67 
 448 37.46 37.76 37.67 
 449 37.46 37.77 37.67 
 450 37.58 37.76 37.67 
 451 37.61 37.82 37.67 
 452 37.61 37.80 37.67 
 453 37.59 37.85 37.67 
 454 37.66 37.75 37.67 
 455 37.54 37.83 37.67 
 456 37.60 37.78 37.67 
 457 37.65 37.71 37.67 
 458 37.41 37.61 37.67 
 459 37.53 37.85 37.67 
 460 37.63 37.76 37.67 
 461 37.53 37.70 37.67 
 462 37.56 37.81 37.67 
 463 37.62 37.72 37.67 
 464 37.39 37.77 37.67 
 465 37.48 37.76 37.67 
 466 37.59 37.78 37.67 
 467 37.46 37.77 37.67 
 468 37.53 37.78 37.67 
 469 37.60 37.78 37.67 
 470 37.63 37.76 37.67 
 471 37.39 37.79 37.67 
 472 37.57 37.79 37.67 
 473 37.65 37.82 37.67 
 474 37.62 37.77 37.67 
 475 37.54 37.83 37.67 
 476 37.64 37.76 37.67 
 477 37.59 37.78 37.67 
 478 37.56 37.76 37.67 
 479 37.59 37.80 37.67 
 480 37.62 37.82 37.67 
 481 37.62 37.64 37.67 
 482 37.51 37.74 37.67 
 483 37.57 37.73 37.67 
 484 37.62 37.77 37.67 
 485 37.50 37.79 37.67 
 486 37.59 37.79 37.67 
 487 37.55 37.67 37.67 
 488 37.54 37.85 37.67 
 489 37.59 37.82 37.67 
 490 37.60 37.76 37.67 
 491 37.47 37.78 37.67 
 492 37.55 37.65 37.67 
 493 37.54 37.75 37.67 
 494 37.42 37.65 37.67 
 495 37.37 37.53 37.67 
 496 37.55 37.54 37.67 
 497 37.48 37.73 37.67 
 498 37.48 37.75 37.67 
 499 37.59 37.76 37.67 
 500 37.44 37.70 37.67 
 501 37.54 37.62 37.67 
 502 37.43 37.65 37.67 
 503 37.32 37.73 37.67 
 504 37.51 37.67 37.67 
 505 37.62 37.56 37.67 
 506 37.57 37.72 37.67 
 507 37.55 37.47 37.67 
 508 37.63 37.35 37.67 
 509 37.57 37.62 37.67 
 510 37.48 37.66 37.67 
 511 37.58 37.70 37.67 
 512 37.59 37.74 37.67 
 513 37.37 37.72 37.67 
 514 37.50 37.74 37.67 
 515 37.53 37.76 37.67 
 516 37.40 37.77 37.67 
 517 37.51 37.72 37.67 
 518 37.41 37.67 37.67 
 519 37.47 37.37 37.67 
 520 37.41 37.53 37.67 
 521 37.54 37.67 37.67 
 522 37.49 37.51 37.67 
 523 37.55 37.21 37.67 
 524 37.50 37.61 37.67 
 525 37.57 37.50 37.67 
 526 37.56 37.69 37.67 
 527 37.58 37.77 37.67 
 528 37.60 37.75 37.67 
 529 37.55 37.58 37.67 
 530 37.52 37.66 37.67 
 531 37.42 37.54 37.67 
 532 37.52 37.70 37.67 
 533 37.49 37.56 37.67 
 534 37.46 37.43 37.67 
 535 37.57 37.45 37.67 
 536 37.44 37.40 37.67 
 537 37.49 37.64 37.67 
 538 37.44 37.55 37.67 
 539 37.52 37.40 37.67 
 540 37.56 37.45 37.67 
 541 37.38 37.42 37.67 
 542 37.55 37.58 37.67 
 543 37.58 37.43 37.67 
 544 37.39 37.45 37.67 
 545 37.50 37.44 37.67 
 546 37.45 37.55 37.67 
 547 37.44 37.46 37.67 
 548 37.45 37.51 37.67 
 549 37.46 37.28 37.67 
 550 37.36 37.46 37.67 
 551 37.40 37.51 37.67 
 552 37.46 37.53 37.67 
 553 37.59 37.48 37.67 
 554 37.34 37.65 37.67 
 555 37.49 37.52 37.67 
 556 37.55 37.70 37.67 
 557 37.54 37.63 37.67 
 558 37.52 37.60 37.67 
 559 37.42 37.62 37.67 
 560 37.56 37.53 37.67 
 561 37.46 37.53 37.67 
 562 37.49 37.56 37.67 
 563 37.57 37.71 37.67 
 564 37.44 37.58 37.67 
 565 37.52 37.59 37.67 
 566 37.58 37.63 37.67 
 567 37.59 37.54 37.67 
 568 37.53 37.55 37.67 
 569 37.55 37.51 37.67 
 570 37.60 37.47 37.67 
 571 37.43 37.61 37.67 
 572 37.53 37.47 37.67 
 573 37.50 37.48 37.67 
 574 37.47 37.61 37.67 
 575 37.47 37.47 37.67 
 576 37.51 37.35 37.67 
 577 37.43 37.46 37.67 
 578 37.64 37.53 37.67 
 579 37.56 37.66 37.67 
 580 37.64 37.67 37.67 
 581 37.61 37.66 37.67 
 582 37.65 37.66 37.67 
 583 37.66 37.66 37.67 
 584 37.61 37.62 37.67 
 585 37.62 37.74 37.67 
 586 37.60 37.75 37.67 
 587 37.68 37.67 37.67 
 588 37.67 37.66 37.68 
 589 37.69 37.68 37.68 
 590 37.63 37.64 37.69 
 591 37.66 37.61 37.69 
 592 37.57 37.66 37.69 
 593 37.64 37.60 37.69 
 594 37.61 37.55 37.69 
 595 37.66 37.70 37.69 
 596 37.70 37.64 37.69 
 597 37.60 37.78 37.70 
 598 37.68 37.67 37.70 
 599 37.70 37.66 37.70 
 600 37.70 37.63 37.70 
 601 37.70 37.79 37.70 
 602 37.57 37.67 37.70 
 603 37.68 37.82 37.70 
 604 37.64 37.83 37.70 
 605 37.63 37.82 37.70 
 606 37.69 37.76 37.70 
 607 37.69 37.52 37.70 
 608 37.54 37.55 37.70 
 609 37.61 36.95 37.70 
 610 37.57 37.49 37.70 
 611 37.42 37.54 37.70 
 612 37.58 37.70 37.70 
 613 37.68 37.09 37.70 
 614 37.55 37.41 37.70 
 615 37.59 37.75 37.70 
 616 37.58 37.60 37.70 
 617 37.70 37.63 37.70 
 618 37.70 37.76 37.70 
 619 37.54 37.69 37.70 
 620 37.72 37.78 37.70 
 621 37.66 37.78 37.72 
 622 37.63 37.77 37.72 
 623 37.63 37.79 37.72 
 624 37.64 37.74 37.72 
 625 37.61 37.60 37.72 
 626 37.66 37.44 37.72 
 627 37.59 37.57 37.72 
 628 37.62 37.60 37.72 
 629 37.56 37.66 37.72 
 630 37.54 37.69 37.72 
 631 37.54 37.56 37.72 
 632 37.55 37.70 37.72 
 633 37.48 37.16 37.72 
 634 37.55 37.75 37.72 
 635 37.62 37.67 37.72 
 636 37.45 37.73 37.72 
 637 37.64 37.74 37.72 
 638 37.54 37.71 37.72 
 639 37.56 37.69 37.72 
 640 37.62 37.73 37.72 
 641 37.67 37.73 37.72 
 642 37.58 37.68 37.72 
 643 37.66 37.68 37.72 
 644 37.59 37.69 37.72 
 645 37.67 37.74 37.72 
 646 37.52 37.55 37.72 
 647 37.48 37.59 37.72 
 648 37.43 37.64 37.72 
 649 37.37 37.60 37.72 
 650 37.60 37.51 37.72 
 651 37.50 37.63 37.72 
 652 37.51 37.61 37.72 
 653 37.53 37.67 37.72 
 654 37.54 37.74 37.72 
 655 37.56 37.72 37.72 
 656 37.18 37.78 37.72 
 657 37.55 37.66 37.72 
 658 37.63 37.73 37.72 
 659 37.50 37.55 37.72 
 660 37.53 37.65 37.72 
 661 37.51 37.67 37.72 
 662 37.62 37.65 37.72 
 663 37.64 37.48 37.72 
 664 37.57 37.70 37.72 
 665 37.61 37.69 37.72 
 666 37.54 37.68 37.72 
 667 37.64 37.65 37.72 
 668 37.44 37.48 37.72 
 669 37.54 37.50 37.72 
 670 37.24 37.64 37.72 
 671 37.51 37.71 37.72 
 672 37.53 37.60 37.72 
 673 37.60 37.66 37.72 
 674 37.60 37.55 37.72 
 675 37.56 37.71 37.72 
 676 37.57 37.61 37.72 
 677 37.59 37.73 37.72 
 678 37.45 37.69 37.72 
 679 37.42 37.71 37.72 
 680 37.56 37.69 37.72 
 681 37.62 37.67 37.72 
 682 37.45 37.77 37.72 
 683 37.62 37.70 37.72 
 684 37.60 37.61 37.72 
 685 37.51 37.70 37.72 
 686 37.29 37.72 37.72 
 687 37.26 37.73 37.72 
 688 37.60 37.69 37.72 
 689 37.59 37.65 37.72 
 690 37.53 37.75 37.72 
 691 37.58 37.69 37.72 
 692 37.50 37.61 37.72 
 693 37.46 37.62 37.72 
 694 37.50 37.65 37.72 
 695 37.66 37.64 37.72 
 696 37.58 37.63 37.72 
 697 37.52 37.59 37.72 
 698 37.46 37.28 37.72 
 699 37.45 37.57 37.72 
 700 37.50 37.65 37.72 
 701 37.59 37.70 37.72 
 702 37.62 37.63 37.72 
