Iter | Sampling Pol | Evaluation Pol | Best (Sampled) 
   0 -10.30 33.31 -100000000.00 
   1 -9.87 33.30 -10.30 
   2 -9.83 33.25 -9.87 
   3 -10.24 33.23 -9.83 
   4 -10.40 33.30 -9.83 
   5 -9.63 33.31 -9.83 
   6 -10.19 33.18 -9.63 
   7 -10.30 33.21 -9.63 
   8 -10.38 33.22 -9.63 
   9 -9.85 33.21 -9.63 
  10 -9.99 33.21 -9.63 
  11 -10.38 33.19 -9.63 
  12 -10.01 33.21 -9.63 
  13 -10.11 33.46 -9.63 
  14 -9.74 33.49 -9.63 
  15 -9.67 33.48 -9.63 
  16 -9.50 33.33 -9.63 
  17 -9.46 32.94 -9.50 
  18 -8.77 25.79 -9.46 
  19 -9.20 29.63 -8.77 
  20 -8.61 -0.59 -8.77 
  21 -8.92 -4.06 -8.61 
  22 -7.90 31.93 -8.61 
  23 -7.70 19.19 -7.90 
  24 -6.73 32.09 -7.70 
  25 -5.85 33.14 -6.73 
  26 -5.32 33.49 -5.85 
  27 -4.49 33.86 -5.32 
  28 -3.84 34.45 -4.49 
  29 -4.15 42.06 -3.84 
  30 -3.63 57.06 -3.84 
  31 -2.93 87.49 -3.63 
  32 -1.62 44.13 -2.93 
  33 -0.30 38.44 -1.62 
  34  0.90 42.24 -0.30 
  35  1.16 54.78  0.90 
  36  4.97 110.36  1.16 
  37  6.23 145.11  4.97 
  38  8.10 131.50  6.23 
  39 13.92 138.89  8.10 
  40 15.75 95.52 13.92 
  41 17.42 108.75 15.75 
  42 20.69 70.52 17.42 
  43 26.23 67.46 20.69 
  44 25.53 72.40 26.23 
  45 29.41 57.86 26.23 
  46 30.95 64.10 29.41 
  47 34.91 92.70 30.95 
  48 36.06 89.15 34.91 
  49 41.85 87.90 36.06 
  50 41.63 85.00 41.85 
  51 40.37 76.43 41.85 
  52 47.25 73.93 41.85 
  53 44.32 88.79 47.25 
  54 48.30 55.13 47.25 
  55 50.15 61.87 48.30 
  56 51.95 63.03 50.15 
  57 57.74 74.13 51.95 
  58 55.49 57.13 57.74 
  59 57.40 85.11 57.74 
  60 59.50 87.59 57.74 
  61 63.99 91.04 59.50 
  62 65.58 73.61 63.99 
  63 64.83 100.10 65.58 
  64 64.41 88.82 65.58 
  65 66.33 67.30 65.58 
  66 72.64 52.44 66.33 
  67 68.71 84.84 72.64 
  68 67.20 56.59 72.64 
  69 72.05 39.20 72.64 
  70 69.38 38.50 72.64 
  71 81.16 38.16 72.64 
  72 93.04 103.21 81.16 
  73 134.84 636.81 93.04 
  74 128.78 978.58 134.84 
  75 213.40 2086.98 134.84 
  76 267.61 2232.17 213.40 
  77 340.75 2690.66 267.61 
  78 461.12 2323.27 340.75 
  79 697.55 2183.95 461.12 
  80 1018.32 2538.57 697.55 
  81 1221.25 2659.36 1018.32 
  82 1534.28 3309.71 1221.25 
  83 1684.21 3690.62 1534.28 
  84 2061.03 3833.10 1684.21 
  85 2023.61 3822.32 2061.03 
  86 2198.45 3573.04 2061.03 
  87 2390.76 3571.79 2198.45 
  88 2871.42 3464.90 2390.76 
  89 2981.95 3101.34 2871.42 
  90 2784.10 3497.62 2981.95 
  91 2710.06 3489.01 2981.95 
  92 2998.50 3172.47 2981.95 
  93 2912.81 3309.89 2998.50 
  94 2974.48 3320.21 2998.50 
  95 3136.99 3326.55 2998.50 
  96 2960.84 3589.73 3136.99 
  97 3005.12 3557.66 3136.99 
  98 3194.01 4143.55 3136.99 
  99 3205.08 4091.23 3194.01 
 100 3236.93 3811.00 3205.08 
 101 3346.46 4142.85 3236.93 
 102 3452.97 3594.89 3346.46 
 103 3438.07 4004.97 3452.97 
 104 3479.16 4015.66 3452.97 
 105 3358.20 3768.68 3479.16 
 106 3422.01 3445.73 3479.16 
 107 3465.46 3571.87 3479.16 
 108 3467.00 3659.37 3479.16 
 109 3529.91 3908.96 3479.16 
 110 3896.21 4027.75 3529.91 
 111 3506.84 3863.26 3896.21 
 112 3530.45 3582.48 3896.21 
 113 3443.32 4021.35 3896.21 
 114 3335.89 4308.05 3896.21 
 115 3524.19 4027.53 3896.21 
 116 3298.56 3362.10 3896.21 
 117 3459.01 3761.03 3896.21 
 118 3864.73 4014.11 3896.21 
 119 3623.48 3791.15 3896.21 
 120 3351.60 3979.37 3896.21 
 121 3480.91 3511.00 3896.21 
 122 3680.00 3782.06 3896.21 
 123 3541.27 3644.13 3896.21 
 124 3584.71 3897.73 3896.21 
 125 3658.97 4253.55 3896.21 
 126 3359.92 4720.19 3896.21 
 127 3617.33 4314.01 3896.21 
 128 3618.50 3796.91 3896.21 
 129 3549.76 3933.96 3896.21 
 130 3268.54 3841.95 3896.21 
 131 3553.93 3672.26 3896.21 
 132 3749.22 4693.78 3896.21 
 133 3708.40 3696.58 3896.21 
 134 3718.88 4534.10 3896.21 
 135 3675.96 4045.27 3896.21 
 136 3550.85 3381.74 3896.21 
 137 3247.20 4913.06 3896.21 
 138 3572.27 3444.75 3896.21 
 139 3725.30 4565.02 3896.21 
 140 3762.80 3830.10 3896.21 
 141 3563.23 3831.12 3896.21 
 142 3611.04 3593.17 3896.21 
 143 3788.47 4246.17 3896.21 
 144 4013.07 4693.06 3896.21 
 145 3654.07 4140.53 4013.07 
 146 3860.97 4225.45 4013.07 
 147 3794.86 4179.98 4013.07 
 148 3769.10 4702.98 4013.07 
 149 4024.94 3885.29 4013.07 
 150 3881.12 4831.03 4024.94 
 151 3843.28 4406.15 4024.94 
 152 3948.76 3733.49 4024.94 
 153 3879.27 5707.07 4024.94 
 154 3893.71 3829.85 4024.94 
 155 3875.97 4180.24 4024.94 
 156 4274.79 4053.29 4024.94 
 157 4176.11 4551.47 4274.79 
 158 4271.42 4560.51 4274.79 
 159 4497.82 3515.56 4274.79 
 160 4110.13 5156.24 4497.82 
 161 3860.11 4937.99 4497.82 
 162 4492.19 3331.91 4497.82 
 163 4110.09 4418.48 4497.82 
 164 4442.41 4857.83 4497.82 
 165 4203.03 4453.08 4497.82 
 166 4844.40 4110.65 4497.82 
 167 4368.09 4548.58 4844.40 
 168 4757.12 4786.25 4844.40 
 169 4626.25 4447.70 4844.40 
 170 4791.72 6112.60 4844.40 
 171 4716.05 4710.38 4844.40 
 172 4769.82 4881.07 4844.40 
 173 4866.20 4745.83 4844.40 
 174 4899.88 6173.44 4866.20 
 175 4743.73 4276.13 4899.88 
 176 4978.60 3836.07 4899.88 
 177 4928.38 4853.73 4978.60 
 178 4638.45 4259.60 4978.60 
 179 4980.52 5141.03 4978.60 
 180 5270.49 5568.57 4980.52 
 181 4986.20 4875.26 5270.49 
 182 5175.01 5050.37 5270.49 
 183 4890.20 7398.44 5270.49 
 184 5264.07 4742.66 5270.49 
 185 4975.66 5075.89 5270.49 
 186 5087.27 5166.67 5270.49 
 187 5513.73 5840.76 5270.49 
 188 5570.37 4985.39 5513.73 
 189 5141.52 4048.29 5570.37 
 190 5333.58 3806.97 5570.37 
 191 5262.50 6273.05 5570.37 
 192 5598.43 4137.92 5570.37 
 193 5338.11 4224.41 5598.43 
 194 5794.20 6246.50 5598.43 
 195 5705.17 5289.41 5794.20 
 196 5428.12 5625.26 5794.20 
 197 5716.56 4974.72 5794.20 
 198 5973.81 5658.88 5794.20 
 199 5366.44 6069.97 5973.81 
 200 5718.33 5878.95 5973.81 
 201 6207.28 5078.17 5973.81 
 202 5952.66 5054.63 6207.28 
 203 5605.68 4874.55 6207.28 
 204 6157.42 4637.62 6207.28 
 205 5869.11 4231.20 6207.28 
 206 6393.43 4107.45 6207.28 
 207 5977.95 4616.31 6393.43 
 208 5887.76 4397.90 6393.43 
 209 5815.42 4857.96 6393.43 
 210 6038.30 5673.87 6393.43 
 211 6322.41 4588.17 6393.43 
 212 6127.35 5312.20 6393.43 
 213 6510.08 5323.16 6393.43 
 214 6250.37 6354.78 6510.08 
 215 6439.66 5527.34 6510.08 
 216 6188.18 5679.06 6510.08 
 217 6255.98 6124.24 6510.08 
 218 6733.91 5497.07 6510.08 
 219 6334.96 6663.86 6733.91 
 220 6469.23 4852.25 6733.91 
 221 6886.14 5041.40 6733.91 
 222 7039.67 5711.54 6886.14 
 223 6577.21 4233.58 7039.67 
 224 6909.13 5123.13 7039.67 
 225 7218.33 6193.54 7039.67 
 226 6953.23 5047.94 7218.33 
 227 6836.38 5052.80 7218.33 
 228 6856.48 6372.67 7218.33 
 229 7168.40 5656.12 7218.33 
 230 7460.56 6598.26 7218.33 
 231 8056.57 5207.84 7460.56 
 232 7501.57 6467.92 8056.57 
 233 8165.58 6434.84 8056.57 
 234 7789.58 6458.22 8165.58 
 235 8109.76 7790.76 8165.58 
 236 8389.91 7510.23 8165.58 
 237 8449.42 8309.80 8389.91 
 238 8587.38 8775.29 8449.42 
 239 8945.09 10470.66 8587.38 
 240 9037.15 9748.27 8945.09 
 241 8957.50 8881.18 9037.15 
 242 9302.04 9148.39 9037.15 
 243 9792.00 9649.72 9302.04 
 244 9722.16 11251.13 9792.00 
 245 9961.09 10821.70 9792.00 
 246 10017.16 10313.41 9961.09 
 247 10420.83 10852.04 10017.16 
 248 10645.92 10269.38 10420.83 
 249 10561.84 11453.84 10645.92 
 250 10191.99 10621.71 10645.92 
 251 10714.12 11992.90 10645.92 
 252 10961.98 11248.41 10714.12 
 253 10247.80 12191.83 10961.98 
 254 11006.09 12127.28 10961.98 
 255 11436.14 12677.80 11006.09 
 256 11169.66 11082.84 11436.14 
 257 11838.79 12190.17 11436.14 
 258 11543.80 12174.84 11838.79 
 259 11837.16 11612.16 11838.79 
 260 11958.23 11609.25 11838.79 
 261 12073.67 14292.06 11958.23 
 262 12189.74 11791.94 12073.67 
 263 12197.37 12378.26 12189.74 
 264 12478.08 11487.98 12197.37 
 265 12538.04 12905.61 12478.08 
 266 12825.85 11629.83 12538.04 
 267 12588.35 15649.44 12825.85 
 268 12816.60 13769.38 12825.85 
 269 12342.81 12431.71 12825.85 
 270 12360.56 12762.61 12825.85 
 271 12291.17 11654.90 12825.85 
 272 12716.87 11822.36 12825.85 
 273 12852.25 13138.52 12825.85 
 274 12847.50 14419.93 12852.25 
 275 13540.90 13779.39 12852.25 
 276 13152.53 14582.26 13540.90 
 277 13078.53 14304.98 13540.90 
 278 12800.92 13255.25 13540.90 
 279 13172.05 13575.32 13540.90 
 280 13426.59 14758.85 13540.90 
 281 13708.02 12883.39 13540.90 
 282 13242.16 14299.34 13708.02 
 283 12931.91 15197.62 13708.02 
 284 13608.08 14171.61 13708.02 
 285 13630.88 14838.90 13708.02 
 286 14055.39 16255.65 13708.02 
 287 13429.71 15306.48 14055.39 
 288 13328.32 15654.26 14055.39 
 289 13499.73 15038.31 14055.39 
 290 13983.91 13128.67 14055.39 
 291 14202.25 15738.41 14055.39 
 292 13972.13 14993.97 14202.25 
 293 13753.12 15376.52 14202.25 
 294 14134.95 16255.28 14202.25 
 295 14104.53 15045.92 14202.25 
 296 13997.35 15366.01 14202.25 
 297 14293.09 16402.58 14202.25 
 298 14169.17 15278.34 14293.09 
 299 14769.88 14878.81 14293.09 
 300 13970.61 16584.43 14769.88 
