Iter | Sampling Pol | Evaluation Pol | Best (Sampled) 
   0 -10.36 33.32 -100000000.00 
   1 -10.32 15.84 -10.36 
   2 -9.85 24.49 -10.32 
   3 -9.62 21.25 -9.85 
   4 -10.33 28.08 -9.62 
   5 -9.24 22.56 -9.62 
   6 -9.91 17.68 -9.24 
   7 -10.01 33.21 -9.24 
   8 -10.68 33.17 -9.24 
   9 -9.62 33.48 -9.24 
  10 -9.93 -3.89 -9.24 
  11 -9.98 -3.89 -9.24 
  12 -8.90 -3.92 -9.24 
  13 -9.66 -3.92 -8.90 
  14 -9.95 32.90 -8.90 
  15 -10.62 32.94 -8.90 
  16 -10.24 32.82 -8.90 
  17 -10.08 32.91 -8.90 
  18 -10.69 32.91 -8.90 
  19 -11.13 32.89 -8.90 
  20 -10.75 32.58 -8.90 
  21 -10.05 33.34 -8.90 
  22 -9.78 33.33 -8.90 
  23 -10.75 33.38 -8.90 
  24 -10.01  3.51 -8.90 
  25 -9.52 33.16 -8.90 
  26 -10.23 33.14 -8.90 
  27 -10.41 32.92 -8.90 
  28 -10.09 33.01 -8.90 
  29 -10.29 33.01 -8.90 
  30 -10.54 32.82 -8.90 
  31 -11.10 32.86 -8.90 
  32 -10.17 33.13 -8.90 
  33 -10.82 33.01 -8.90 
  34 -10.62 33.11 -8.90 
  35 -10.92 33.04 -8.90 
  36 -11.19 15.43 -8.90 
  37 -9.74 -0.58 -8.90 
  38 -9.08  1.52 -8.90 
  39 -9.33 -4.28 -8.90 
  40 -8.59 -4.30 -8.90 
  41 -8.02 -4.32 -8.59 
  42 -7.80 -4.44 -8.02 
  43 -7.81 -4.51 -7.80 
  44 -7.58 -4.54 -7.80 
  45 -7.39 -4.66 -7.58 
  46 -6.91 -4.55 -7.39 
  47 -6.84 -4.66 -6.91 
  48 -6.49 -4.50 -6.84 
  49 -6.87 -4.87 -6.49 
  50 -6.49 -4.98 -6.49 
  51 -5.99 -5.09 -6.49 
  52 -5.93 -5.08 -5.99 
  53 -6.05 -5.02 -5.93 
  54 -5.38 -5.18 -5.93 
  55 -6.10 -5.06 -5.38 
  56 -6.10 -5.16 -5.38 
  57 -6.35 -5.24 -5.38 
  58 -5.55 -5.24 -5.38 
  59 -5.58 -5.21 -5.38 
  60 -5.71 -5.22 -5.38 
  61 -5.04 -5.19 -5.38 
  62 -5.12 -5.19 -5.04 
  63 -5.43 -5.20 -5.04 
  64 -5.03 -5.19 -5.04 
  65 -4.83 -5.12 -5.03 
  66 -5.18 -5.15 -4.83 
  67 -5.43 -5.04 -4.83 
  68 -5.23 -4.96 -4.83 
  69 -5.07 -4.94 -4.83 
  70 -4.92 -4.93 -4.83 
  71 -4.40  1.40 -4.83 
  72 -4.61  0.23 -4.40 
  73 -5.07 17.32 -4.40 
  74 -4.05 14.87 -4.40 
  75 -3.85 27.35 -4.05 
  76 -4.06 31.09 -3.85 
  77 -3.52 31.70 -3.85 
  78 -3.15 32.07 -3.52 
  79 -3.66 32.72 -3.15 
  80 -2.11 32.89 -3.15 
  81 -2.08 37.19 -2.11 
  82 -0.81 46.65 -2.08 
  83 -1.15 45.96 -0.81 
  84  0.18 41.74 -0.81 
  85  2.51 46.27  0.18 
  86  4.69 51.08  2.51 
  87  6.90 62.71  4.69 
  88 10.16 55.84  6.90 
  89 12.73 57.72 10.16 
  90 17.14 82.63 12.73 
  91 20.61 70.18 17.14 
  92 23.72 94.76 20.61 
  93 28.11 63.08 23.72 
  94 30.69 70.07 28.11 
  95 31.46 59.50 30.69 
  96 35.23 80.69 31.46 
  97 33.69 86.48 35.23 
  98 39.50 78.38 35.23 
  99 39.92 62.34 39.50 
 100 40.96 84.12 39.92 
 101 42.09 54.18 40.96 
 102 44.11 74.10 42.09 
 103 46.78 51.95 44.11 
 104 48.02 83.64 46.78 
 105 47.31 62.13 48.02 
 106 51.32 82.49 48.02 
 107 48.72 53.92 51.32 
 108 52.89 67.89 51.32 
 109 52.84 54.33 52.89 
 110 50.74 72.63 52.89 
 111 55.44 51.83 52.89 
 112 58.32 82.44 55.44 
 113 53.06 63.12 58.32 
 114 54.87 81.34 58.32 
 115 56.85 55.52 58.32 
 116 56.65 76.80 58.32 
 117 51.92 68.16 58.32 
 118 57.15 83.46 58.32 
 119 55.04 66.58 58.32 
 120 54.27 81.23 58.32 
 121 56.90 68.65 58.32 
 122 56.19 83.04 58.32 
 123 53.57 75.07 58.32 
 124 55.34 84.26 58.32 
 125 53.08 81.36 58.32 
 126 61.40 76.06 58.32 
 127 60.66 84.50 61.40 
 128 61.34 93.59 61.40 
 129 59.24 101.45 61.40 
 130 61.91 79.64 61.40 
 131 62.78 105.44 61.91 
 132 65.78 87.73 62.78 
 133 62.74 108.44 65.78 
 134 65.32 98.85 65.78 
 135 65.47 106.25 65.78 
 136 69.79 102.62 65.78 
 137 69.16 109.94 69.79 
 138 72.71 94.13 69.79 
 139 69.15 99.13 72.71 
 140 77.01 97.87 72.71 
 141 74.16 106.49 77.01 
 142 75.40 114.65 77.01 
 143 72.91 103.35 77.01 
 144 82.80 101.51 77.01 
 145 78.78 104.89 82.80 
 146 82.87 95.35 82.80 
 147 80.35 107.99 82.87 
 148 82.17 92.96 82.87 
 149 81.93 106.81 82.87 
 150 84.03 115.05 82.87 
 151 82.53 106.94 84.03 
 152 87.31 115.01 84.03 
 153 83.86 104.99 87.31 
 154 88.22 102.55 87.31 
 155 82.53 105.77 88.22 
 156 86.32 103.51 88.22 
 157 85.13 107.65 88.22 
 158 89.35 109.84 88.22 
 159 88.40 99.82 89.35 
 160 86.88 106.55 89.35 
 161 86.99 107.10 89.35 
 162 90.88 106.32 89.35 
 163 91.10 107.00 90.88 
 164 93.80 108.52 91.10 
 165 92.14 108.88 93.80 
 166 90.42 101.99 93.80 
 167 91.58 110.31 93.80 
 168 98.03 111.17 93.80 
 169 93.54 109.58 98.03 
 170 95.42 103.76 98.03 
 171 92.47 107.90 98.03 
 172 97.17 100.19 98.03 
 173 92.43 107.47 98.03 
 174 95.87 112.00 98.03 
 175 97.57 110.37 98.03 
 176 96.03 102.28 98.03 
 177 96.26 104.31 98.03 
 178 94.91 104.81 98.03 
 179 95.93 105.81 98.03 
 180 99.95 106.20 98.03 
 181 96.53 105.56 99.95 
 182 100.44 104.79 99.95 
 183 95.24 104.62 100.44 
 184 97.11 110.66 100.44 
 185 94.17 104.82 100.44 
 186 99.91 104.28 100.44 
 187 95.83 103.89 100.44 
 188 99.99 108.65 100.44 
 189 97.54 104.64 100.44 
 190 99.72 107.74 100.44 
 191 99.71 106.04 100.44 
 192 102.25 108.77 100.44 
 193 99.68 104.74 102.25 
 194 100.57 109.42 102.25 
 195 100.26 102.56 102.25 
 196 103.85 108.24 102.25 
 197 102.10 104.77 103.85 
 198 104.08 103.64 103.85 
 199 102.94 104.87 104.08 
 200 103.80 108.24 104.08 
 201 103.76 104.21 104.08 
 202 106.39 107.27 104.08 
 203 99.26 102.05 106.39 
 204 105.19 103.55 106.39 
 205 102.27 102.95 106.39 
 206 106.94 106.32 106.39 
 207 105.57 104.70 106.94 
 208 107.61 106.18 106.94 
 209 106.70 106.96 107.61 
 210 109.33 107.67 107.61 
 211 107.87 106.10 109.33 
 212 108.23 107.54 109.33 
 213 109.82 109.45 109.33 
 214 108.72 109.53 109.82 
 215 108.41 108.74 109.82 
 216 109.32 106.47 109.82 
 217 108.37 110.17 109.82 
 218 110.57 107.30 109.82 
 219 109.40 110.84 110.57 
 220 111.99 109.84 110.57 
 221 110.76 112.09 111.99 
 222 112.84 113.48 111.99 
 223 111.33 115.24 112.84 
 224 114.45 112.20 112.84 
 225 109.39 112.19 114.45 
 226 112.92 112.41 114.45 
 227 113.36 111.61 114.45 
 228 116.31 113.45 114.45 
 229 113.63 111.67 116.31 
 230 115.95 113.36 116.31 
 231 115.74 112.90 116.31 
 232 117.08 108.89 116.31 
 233 117.45 113.97 117.08 
 234 115.88 112.56 117.45 
 235 114.85 105.96 117.45 
 236 114.53 108.07 117.45 
 237 116.22 108.74 117.45 
 238 118.46 110.84 117.45 
 239 116.92 108.57 118.46 
 240 117.53 108.71 118.46 
 241 117.12 108.21 118.46 
 242 116.97 106.51 118.46 
 243 119.62 105.42 118.46 
 244 120.11 106.57 119.62 
 245 119.58 104.47 120.11 
 246 120.61 105.80 120.11 
 247 119.26 98.64 120.61 
 248 121.41 102.31 120.61 
 249 120.94 100.64 121.41 
 250 121.29 102.65 121.41 
 251 120.89 100.16 121.41 
 252 122.05 101.62 121.41 
 253 120.13 96.56 122.05 
 254 122.91 104.11 122.05 
 255 123.07 94.29 122.91 
 256 124.80 87.63 123.07 
 257 123.41 91.06 124.80 
 258 121.23 85.67 124.80 
 259 121.91 87.26 124.80 
 260 126.25 99.68 124.80 
 261 126.13 94.40 126.25 
 262 124.99 100.83 126.25 
 263 121.73 95.52 126.25 
 264 127.30 94.05 126.25 
 265 125.59 96.56 127.30 
 266 127.90 99.10 127.30 
 267 126.99 102.48 127.90 
 268 119.50 99.03 127.90 
 269 128.15 100.42 127.90 
 270 127.46 100.06 128.15 
 271 128.32 105.56 128.15 
 272 124.87 93.66 128.32 
 273 124.93 102.51 128.32 
 274 129.97 99.82 128.32 
 275 127.28 105.32 129.97 
 276 129.03 105.20 129.97 
 277 121.46 101.49 129.97 
 278 131.69 96.32 129.97 
 279 125.05 100.57 131.69 
 280 129.39 95.28 131.69 
 281 124.70 110.33 131.69 
 282 121.54 103.03 131.69 
 283 127.69 102.68 131.69 
 284 124.67 105.36 131.69 
 285 125.62 103.54 131.69 
 286 126.66 99.07 131.69 
 287 126.82 106.24 131.69 
 288 128.13 105.59 131.69 
 289 128.71 111.02 131.69 
 290 123.87 107.95 131.69 
 291 127.80 108.45 131.69 
 292 126.86 108.55 131.69 
 293 125.33 114.81 131.69 
 294 127.31 107.32 131.69 
 295 127.68 114.36 131.69 
 296 129.58 113.80 131.69 
 297 129.21 119.45 131.69 
 298 125.92 105.75 131.69 
 299 126.47 109.97 131.69 
 300 128.66 106.54 131.69 
 301 132.20 115.05 131.69 
 302 128.24 118.89 132.20 
 303 130.17 106.68 132.20 
 304 130.02 113.07 132.20 
 305 127.73 111.44 132.20 
 306 127.46 113.39 132.20 
 307 126.38 100.48 132.20 
 308 128.84 109.41 132.20 
 309 124.39 110.69 132.20 
 310 130.58 102.44 132.20 
 311 128.09 109.01 132.20 
 312 124.79 105.89 132.20 
 313 129.38 107.59 132.20 
 314 125.47 111.67 132.20 
 315 129.83 110.88 132.20 
 316 131.84 103.79 132.20 
 317 126.35 112.16 132.20 
 318 127.52 106.53 132.20 
 319 129.36 103.69 132.20 
 320 127.33 110.91 132.20 
 321 131.27 106.04 132.20 
 322 126.75 99.92 132.20 
 323 126.55 98.43 132.20 
 324 127.26 109.96 132.20 
 325 123.46 106.70 132.20 
 326 124.35 99.17 132.20 
 327 132.97 101.73 132.20 
 328 127.24 98.87 132.97 
 329 126.49 95.19 132.97 
 330 126.65 99.91 132.97 
 331 132.57 104.90 132.97 
 332 129.17 103.59 132.97 
 333 129.76 109.71 132.97 
 334 131.83 109.57 132.97 
 335 132.91 103.12 132.97 
 336 130.80 103.04 132.97 
 337 133.23 106.07 132.97 
 338 134.13 108.33 133.23 
 339 132.51 92.76 134.13 
 340 128.68 104.42 134.13 
 341 126.94 101.90 134.13 
 342 124.87 96.96 134.13 
 343 124.75 89.47 134.13 
 344 126.64 95.66 134.13 
 345 133.79 96.22 134.13 
 346 130.66 99.24 134.13 
 347 131.31 107.50 134.13 
 348 131.51 103.74 134.13 
 349 132.20 106.98 134.13 
 350 125.35 98.13 134.13 
 351 130.60 91.60 134.13 
 352 124.62 114.43 134.13 
 353 131.58 104.79 134.13 
 354 133.76 122.11 134.13 
 355 133.18 112.39 134.13 
 356 135.67 120.55 134.13 
 357 133.02 122.34 135.67 
 358 130.61 126.86 135.67 
 359 132.55 126.13 135.67 
 360 134.46 133.11 135.67 
 361 129.06 133.23 135.67 
 362 133.82 131.59 135.67 
 363 134.78 121.34 135.67 
 364 132.15 123.18 135.67 
 365 135.03 128.97 135.67 
 366 132.77 127.11 135.67 
 367 135.96 128.75 135.67 
 368 136.85 127.95 135.96 
 369 131.52 120.19 136.85 
 370 135.04 131.56 136.85 
 371 136.60 122.56 136.85 
 372 136.11 123.15 136.85 
 373 137.59 121.13 136.85 
 374 138.13 132.74 137.59 
 375 134.28 127.71 138.13 
 376 137.70 124.04 138.13 
 377 138.25 133.72 138.13 
 378 134.87 119.58 138.25 
 379 138.84 125.80 138.25 
 380 135.60 119.93 138.84 
 381 136.21 127.65 138.84 
 382 135.16 126.72 138.84 
 383 138.42 152.44 138.84 
 384 136.98 132.24 138.84 
 385 139.06 126.41 138.84 
 386 140.31 130.65 139.06 
 387 141.12 147.89 140.31 
 388 136.31 129.63 141.12 
 389 138.69 134.15 141.12 
 390 141.44 120.83 141.12 
 391 132.02 139.87 141.44 
 392 136.70 123.53 141.44 
 393 139.38 133.60 141.44 
 394 140.88 124.72 141.44 
 395 137.35 132.17 141.44 
 396 135.33 154.45 141.44 
 397 135.97 128.77 141.44 
 398 135.33 136.59 141.44 
 399 139.42 122.54 141.44 
 400 134.51 131.37 141.44 
 401 138.15 130.26 141.44 
 402 137.92 144.48 141.44 
 403 137.45 127.63 141.44 
 404 136.61 132.17 141.44 
 405 134.48 140.32 141.44 
 406 141.35 144.86 141.44 
 407 138.55 135.53 141.44 
 408 132.66 131.12 141.44 
 409 133.62 126.08 141.44 
 410 134.80 129.38 141.44 
 411 137.15 141.68 141.44 
 412 136.58 129.86 141.44 
 413 134.15 125.29 141.44 
 414 135.95 125.30 141.44 
 415 135.68 118.75 141.44 
 416 138.99 126.76 141.44 
 417 140.42 125.68 141.44 
 418 131.86 130.82 141.44 
 419 137.66 107.86 141.44 
 420 139.03 125.09 141.44 
 421 137.70 120.42 141.44 
 422 142.33 113.63 141.44 
 423 139.35 118.97 142.33 
 424 138.44 115.10 142.33 
 425 137.65 117.15 142.33 
 426 141.37 129.40 142.33 
