Iter | Sampling Pol | Evaluation Pol | Best (Sampled) 
   0 -19921.42 -20011.29 -100000000.00 
   1 -19843.95 -20010.73 -19921.42 
   2 -19859.36 -20010.49 -19843.95 
   3 -19801.96 -20010.19 -19843.95 
   4 -19679.22 -20010.53 -19801.96 
   5 -19616.44 -20010.59 -19679.22 
   6 -19536.66 -20010.25 -19616.44 
   7 -19061.15 -20010.11 -19536.66 
   8 -18683.82 -20009.84 -19061.15 
   9 -18100.81 -20009.64 -18683.82 
  10 -17803.76 -20009.49 -18100.81 
  11 -17102.57 -20009.11 -17803.76 
  12 -15577.30 -20008.65 -17102.57 
  13 -14340.97 -20008.26 -15577.30 
  14 -12529.37 -19113.28 -14340.97 
  15 -11466.49 -17253.99 -12529.37 
  16 -9639.26 -12802.28 -11466.49 
  17 -8523.08 -5225.18 -9639.26 
  18 -8777.14 -4425.24 -8523.08 
  19 -7300.15 -2467.23 -8523.08 
  20 -6395.35 -1669.07 -7300.15 
  21 -6308.95 -1645.21 -6395.35 
  22 -6296.83 -1614.83 -6308.95 
  23 -6360.53 -3452.82 -6296.83 
  24 -6010.32 -2670.67 -6296.83 
  25 -5696.29 -2564.98 -6010.32 
  26 -4888.88 -2558.18 -5696.29 
  27 -3540.24 -3794.02 -4888.88 
  28 -3363.69 -2815.58 -3540.24 
  29 -2988.76 -1513.24 -3363.69 
  30 -3002.39 -2001.51 -2988.76 
  31 -2504.13 -1578.90 -2988.76 
  32 -2442.46 -2679.12 -2504.13 
  33 -2212.47 -2499.17 -2442.46 
  34 -2317.47 -3852.78 -2212.47 
  35 -2551.47 -3663.07 -2212.47 
  36 -2048.17 -2643.14 -2212.47 
  37 -2063.32 -1591.06 -2048.17 
  38 -2056.81 -2691.09 -2048.17 
  39 -1931.99 -2539.69 -2048.17 
  40 -2342.85 -10021.19 -1931.99 
  41 -2465.50 -3899.37 -1931.99 
  42 -2184.42 -3026.41 -1931.99 
  43 -1704.79 -2909.11 -1931.99 
  44 -1923.90 -3628.75 -1704.79 
  45 -1950.09 -1615.85 -1704.79 
  46 -1825.94 -1604.15 -1704.79 
  47 -1619.72 -1458.96 -1704.79 
  48 -1637.23 -1390.08 -1619.72 
  49 -1609.65 -1326.64 -1619.72 
  50 -1640.02 -1350.46 -1609.65 
  51 -1581.53 -1345.37 -1609.65 
  52 -2429.20 -1521.04 -1581.53 
  53 -1750.71 -1488.97 -1581.53 
  54 -1642.77 -1310.59 -1581.53 
  55 -1583.07 -1298.37 -1581.53 
