Iter | Sampling Pol | Evaluation Pol | Best (Sampled) 
   0 322.41 1220.50 -100000000.00 
   1 332.30 1272.91 322.41 
   2 337.26 874.96 332.30 
   3 397.19 1261.45 337.26 
   4 341.48 956.01 397.19 
   5 369.85 775.12 397.19 
   6 430.37 1182.95 397.19 
   7 303.88 584.63 430.37 
   8 303.88 584.95 430.37 
   9 372.22 741.19 430.37 
  10 351.88 1235.56 430.37 
  11 363.64 763.09 430.37 
  12 375.79 787.82 430.37 
  13 344.89 341.63 430.37 
  14 354.18 981.19 430.37 
  15 370.06 769.50 430.37 
  16 319.26 1358.39 430.37 
  17 396.48 751.29 430.37 
  18 353.54 1100.59 430.37 
  19 382.18 833.91 430.37 
  20 368.57 1099.90 430.37 
  21 365.07 1164.37 430.37 
  22 352.26 1145.05 430.37 
  23 369.15 956.67 430.37 
  24 440.25 977.81 430.37 
  25 460.07 906.38 440.25 
  26 412.58 1063.32 460.07 
  27 279.30 1565.55 460.07 
  28 389.12 1247.28 460.07 
  29 398.21 1415.69 460.07 
  30 472.16 1342.42 460.07 
  31 399.96 1562.29 472.16 
  32 453.13 1258.01 472.16 
  33 452.51 1587.62 472.16 
  34 365.37 1606.95 472.16 
  35 548.45 2114.27 472.16 
  36 633.87 1682.59 548.45 
  37 565.91 1179.56 633.87 
  38 629.56 1871.70 633.87 
  39 464.23 2099.32 633.87 
  40 638.36 1927.96 633.87 
  41 610.48 1617.29 638.36 
  42 613.84 2641.29 638.36 
  43 578.56 1694.99 638.36 
  44 561.99 2561.96 638.36 
  45 542.15 2277.60 638.36 
  46 723.64 2376.96 638.36 
  47 796.32 2205.37 723.64 
  48 788.73 2353.31 796.32 
  49 670.21 2297.97 796.32 
  50 743.67 2672.68 796.32 
  51 799.86 2850.60 796.32 
  52 868.84 2082.00 799.86 
  53 856.01 2046.31 868.84 
  54 949.48 2203.12 868.84 
  55 1005.11 2952.45 949.48 
  56 972.83 2424.99 1005.11 
  57 829.72 3186.08 1005.11 
  58 974.05 3425.84 1005.11 
  59 964.99 2400.38 1005.11 
  60 976.67 2752.82 1005.11 
  61 980.90 2130.27 1005.11 
  62 1297.60 3450.78 1005.11 
  63 1136.80 2457.62 1297.60 
  64 1470.36 3820.52 1297.60 
  65 1240.27 3124.18 1470.36 
  66 1408.32 2602.85 1470.36 
  67 1252.59 2981.10 1470.36 
  68 1383.45 2431.55 1470.36 
  69 1361.85 3688.12 1470.36 
  70 1353.28 2955.29 1470.36 
  71 1356.45 2453.41 1470.36 
  72 1273.37 2997.61 1470.36 
  73 1276.34 2549.28 1470.36 
  74 1201.97 1818.72 1470.36 
  75 1397.87 1996.80 1470.36 
  76 1340.99 3323.99 1470.36 
  77 1368.94 3153.10 1470.36 
  78 1413.63 3811.94 1470.36 
  79 1475.66 3533.82 1470.36 
  80 1423.74 3418.86 1475.66 
  81 1614.88 2881.83 1475.66 
  82 1584.32 3230.58 1614.88 
  83 1561.44 1938.32 1614.88 
  84 1613.61 2825.43 1614.88 
  85 1469.89 3134.13 1614.88 
  86 1563.75 2814.01 1614.88 
  87 1506.51 2752.88 1614.88 
  88 1748.09 3162.85 1614.88 
  89 1708.92 3725.58 1748.09 
  90 1451.99 2182.53 1748.09 
  91 1623.31 2671.85 1748.09 
  92 1631.49 3722.63 1748.09 
  93 1593.74 2778.49 1748.09 
  94 1647.68 3453.84 1748.09 
  95 1621.15 3588.23 1748.09 
  96 1655.83 2269.43 1748.09 
  97 1771.96 3312.19 1748.09 
  98 1669.69 3595.16 1771.96 
  99 1571.07 3442.58 1771.96 
 100 1748.83 3028.93 1771.96 
 101 1669.57 3126.36 1771.96 
 102 1853.95 3069.10 1771.96 
 103 1674.42 2897.62 1853.95 
 104 1845.20 -18.38 1853.95 
